2641864,936289,23311
4515885,751907,14997
6082188,1137719,27658
3127890,2755232,24505
6991533,915004,11077
2187267,2566788,1985
3033555,3865803,16757
1915983,642087,33205
6193078,3581852,19994
3759796,3331387,20107
998929,1898842,10023
7680123,2289858,44839
1557568,3575491,42703
1740655,4485785,7458
5766239,2797535,24540
4477255,361222,20604
1922135,882803,24192
3327150,544245,35733
2136794,3586527,9190
1882857,3620138,18579
6857565,616574,18267
1316331,879876,40682
2119270,2372713,16726
2264502,1214833,30083
5941091,1503103,25316
63880,2611813,31779
2261322,2083934,29663
6877075,495649,18199
2219650,2052232,43677
4317758,936317,38293
3641202,2435172,23504
232567,1574364,12819
7713837,2960937,14107
277522,802942,3954
4453718,4123867,36247
547124,2350949,12270
5172396,3115927,30632
4057529,2113470,40499
5283313,4331313,2560
6654048,2862270,13755
6782899,3091862,9311
759519,3086487,19990
4110308,203557,37670
489751,2016487,42060
3777556,1995114,24104
5630233,3523899,11628
6770051,3688121,23479
5801420,1124901,14142
4950211,2707663,23164
2209351,2428209,395
983851,567212,44365
1604571,2436551,15005
4129342,1183259,5256
6760784,3419091,33140
7348939,397803,5813
2932767,4464515,17181
3368464,822309,12925
287526,3074607,9165
5219331,4198844,26241
7818202,2451833,24347
6381819,1159053,38172
5931854,1164112,42924
5492788,1659504,1722
579064,4216675,21779
7066747,2630751,8393
7423379,3317742,7756
1401880,3722107,12517
2782211,868552,43024
7746380,2451072,26524
1316786,1197806,12156
7710609,1039789,30008
6360134,28286,21163
3066889,533794,4315
2122861,2164485,39951
7296539,556872,8288
5437709,4058163,1635
2640759,4563447,9486
1653670,2404573,7854
2200783,1679645,2363
3081807,841012,17021
1179618,880909,43682
4054084,2819225,9870
3899691,1560857,4846
5657708,3853452,35209
1932190,606133,13082
1757061,840438,384
6500088,1595665,21659
149644,2081742,38467
5761192,2221908,27644
6414037,1632892,32805
7254399,245945,32291
7134793,3031507,2054
5724318,40199,10236
6466106,2716666,12408
1301379,3837862,10563
4434980,2854276,25187
1267959,3934772,9741
3039892,1782725,37524
6232678,1912887,21442
5341349,2503775,14186
658463,2066762,16086
6279518,2775046,14865
7279500,2982669,41098
6878084,2909694,6996
5222491,4097661,5560
2906628,197234,40303
5715387,202030,8960
1190164,4488178,9953
921849,1952751,24223
6762924,4432051,1873
6148019,731835,27517
3679733,2802036,20901
4144127,326323,2915
2497638,2043142,18520
6313590,2518930,3762
4940555,3989806,18309
2665259,1414818,398
3885320,3474348,20640
69754,3468698,17266
4443907,188692,21446
6455582,536926,33136
3787046,2829408,4499
1619655,1746841,42395
876471,783247,27914
7600849,3361144,3261
2832164,751582,19135
925674,74398,23472
7886930,2965417,27011
5549065,3389094,1108
970450,961594,13075
4101504,3151621,4878
4707871,258043,36368
7382207,2124926,23135
5816673,303587,14536
4067625,512448,1909
4849678,3724431,38333
4643636,3869672,40340
2094073,4104691,38989
1947333,2083145,19136
202380,3732598,11557
7602623,4053039,7517
228426,95730,20862
6465564,109265,27591
7852542,4241950,15477
559301,4136208,9804
3926397,1451419,26342
1726628,3259418,18168
1362284,3410959,6050
7265116,1199105,21641
6578273,1655043,4646
6687839,2008678,40778
3288177,3586720,9129
2225682,2202893,5409
2395011,2405770,12070
3102965,2378672,14079
4885712,2051232,23059
5527919,303900,2880
7725993,256998,41358
5370460,1466391,38246
4710361,1555463,27107
4222824,2431328,41934
5403093,201551,4741
6032518,1628734,28136
6749245,3124230,32831
406099,1433698,13045
5562169,3742171,44682
6156418,2620960,5858
5418112,3960917,40414
3528528,3101139,6477
1388635,3976618,24141
3050768,1193682,41879
1789540,4133603,25409
5127889,4511548,30836
2673107,2495242,5167
7074310,1839840,25749
4954888,2290535,1445
7718687,3701095,33442
647489,2981405,16184
2434891,2499130,8951
2422035,2740703,1904
7534369,3864098,25593
62356,2666758,2707
3584215,1292954,37375
4861667,898483,1684
4698575,1796686,24142
6225949,2318416,17353
7466938,4048736,37064
4379459,3861474,6018
717358,1820401,28486
5272237,3217167,36684
5468336,3126860,2828
2644125,4266150,6525
2183342,1591439,30243
1242424,3529569,12324
5005694,134931,15495
1701784,1729924,4103
3139017,2757719,25432
1756329,3718528,2611
4471893,3618144,24111
6639675,2526489,23523
6906854,1772519,1798
3904778,1942317,38913
4769846,1370992,39916
861679,48365,37507
4455499,2855652,896
3362481,3447940,23027
4054778,1389580,15280
2806431,896457,10187
5130114,1925785,20310
7532804,2319158,44789
5836877,1802728,15102
1927669,3752393,38371
2880686,3890451,40193
5953460,2996403,11214
7235821,1456917,30283
3784536,1788402,42767
71961,3174985,1431
2926907,3972367,12680
7851654,3691815,36739
1539899,213555,13756
6504865,2097048,14623
5894013,4029187,33708
573203,2387278,27430
7046941,1280117,604
7586641,776455,16425
659496,470467,24220
113003,3690742,9024
1298561,191834,32832
843622,1663226,7967
2125580,3150183,29286
1878015,3142303,16306
636434,4562186,33889
4505360,708400,38662
5838909,1225180,19359
4107068,77639,8801
7421578,1687362,14297
5004353,706005,30660
1832060,346688,20652
3115292,2196830,1654
5236498,1573007,18916
7732656,3184026,17921
3643715,4439685,10042
7754723,2164464,42726
5077911,289738,40567
4209193,752998,36221
5478444,626794,44638
4737072,746289,41170
1996569,1554074,29514
2607205,3817815,22715
1955224,270301,8437
6900144,4131421,10120
7170415,333963,16364
4539716,302443,5376
1089601,2299056,7220
3402375,219453,37641
164627,2212395,8402
3464603,3255203,6901
3279030,4553381,40620
3646137,2161021,40862
2716681,2111126,21521
7587483,2126902,34605
1479123,2871653,12574
1784712,2089885,894
7634701,557896,4556
5402430,976160,2549
3719632,3379197,30152
6279476,3957722,23975
1728949,1614759,40012
32654,2427490,31690
6139956,704118,38803
2073230,706866,40419
6549175,4225071,3916
6364635,535558,18593
1728411,820470,18189
2656530,632832,19220
3926205,2634555,36127
3735408,3573437,26637
340145,907587,10499
4469157,929310,8405
2310615,2789231,5158
7886294,4118294,13981
2374688,3906893,42637
2531042,3627701,40477
4497888,187421,9830
2785287,1147601,15294
6012971,4501527,14173
5407773,2095625,15047
4362879,616766,39656
6849839,1267372,3386
5065290,3207562,1864
2906866,1587331,4143
7803635,2940281,36121
2000664,3958746,23735
222458,4372892,22485
4684728,2832245,29559
1455715,1944854,33713
3076647,625800,19959
5185790,3775545,18455
5986216,3194397,24039
2324499,2641810,3638
2763915,550792,5177
1132146,30292,834
1977317,3227095,27423
3086174,1321223,5508
6535646,87591,579
2185675,3101976,31196
5525470,244702,40650
3710937,1297039,40110
904224,4559146,17481
3035731,909038,20098
7141985,750449,42486
3200564,20974,19491
5304893,2420739,3681
1023678,3989182,35045
4178438,1015517,33569
5564627,1854900,31659
444593,2590371,7785
4892826,1996309,8416
650782,1325388,21010
5969664,3415816,16857
4686415,253688,43190
1724938,1249111,19704
648469,1511228,684
3251524,4349100,42003
2409964,768763,34767
941102,2795219,26074
961002,4096111,2141
4066002,1715658,22000
3559987,1715891,17084
5981114,2595191,33894
6170462,3412951,37419
4052136,3795275,23972
4059175,4072508,42063
4438133,3687373,20548
5277655,3210187,15588
1401081,338077,34474
4165357,2135571,43337
2065428,1706002,27564
2774048,2007098,14910
1037998,1050149,2319
1689953,851813,3662
8412,626988,36046
2982883,2624791,15603
3695928,1834257,12807
7481990,552498,5531
2364480,2473324,34412
7645938,769728,18180
3566346,4066771,22590
2618997,2211471,4002
1006212,4228611,14522
6792204,2097039,2272
2788452,3578355,38074
7406567,1616167,13147
4540548,4422168,5848
6119777,19773,31972
6577663,964943,6106
5717074,640607,24776
4247431,3664099,26268
3155212,621113,32364
6276744,430185,3622
4236783,4069408,35544
3461004,1870588,42376
6070636,2990969,30730
1169430,3440324,30112
4215423,269325,18525
4200213,642356,14235
6656621,1938008,13731
7387051,2861173,15492
1826371,531785,26823
166886,2502084,28880
2427039,1453314,33092
4932672,4237361,8028
5488726,737162,4126
2227165,1300908,43324
3024448,3697432,19414
6957737,1840131,26632
973430,940633,22916
1983626,614199,43244
5623221,907904,33778
7743327,4061558,39204
7617689,129496,21184
4140649,3726922,2261
4109194,1102462,12707
7631057,998573,44463
983244,36251,13840
5366925,677266,33537
3184813,2099828,23341
2452941,866718,37995
7128849,4097647,40783
6916100,3554074,38112
86793,1859874,20927
1498341,2505205,25028
1207461,463809,1734
6159117,1123098,42346
7495968,2297699,2639
7652504,1717368,5621
5882709,1019108,42380
4498349,4252251,25524
5239016,948689,34590
324606,3128495,25969
889731,379148,37902
1292625,3429541,44229
2064989,4442467,4166
895242,2603866,22898
331721,898840,1270
1568543,1531641,4505
5573478,4195050,19460
4894766,523895,14747
2436153,3012199,20548
580087,3144130,33296
5436249,149463,9017
6735463,1617018,19494
7320839,3041925,26748
4827640,1019126,38242
3758456,214579,14698
3225290,472260,18320
728209,923050,35634
2719441,1150510,31803
5366032,3114563,26696
7787340,503815,39019
1982945,383417,5586
4919309,3296873,37444
4074902,2527504,1236
5150311,3306083,36633
2428352,3199550,8249
7885782,2649508,144
443245,521632,7030
7617601,3205276,21006
7735212,913487,10925
1290113,2657623,24782
6792432,3093550,41349
5826138,2883584,27043
7056379,3351485,10511
3578747,255522,42565
2799017,2604841,28745
2758303,3694445,34295
5662188,2015431,4619
7055875,3412558,21627
3104180,3224935,40172
7457164,3252337,8829
3564743,4002637,4305
3381262,726979,26040
222895,1849972,23177
4600314,4067262,33114
7008039,31465,7148
337479,39194,42821
7206337,4547835,41847
6539737,425861,35105
6214157,2543490,15803
510080,4178223,1124
1438451,4423940,26854
1834693,4380115,39402
1453415,3474095,37472
2727640,1191477,15035
2766024,926786,40244
375894,2452471,36321
7327216,1244252,16840
7707755,2503043,37499
622312,2277184,7145
7877717,3041540,33575
3483658,3502054,13238
294766,3081224,40353
630811,2211891,5400
6340556,1078310,24535
6446483,3169807,38759
1587521,3098846,34576
4591729,3153128,19276
3099447,369600,27449
7448452,603490,3858
5847204,3722949,22568
5959967,3459703,32809
7621401,2947404,35173
3730120,2605710,402
4958083,2212561,24355
4384907,1016080,211
1259634,3979094,32785
2095145,523196,23401
6443392,3854087,6706
2860885,3983585,40991
581834,2320914,28437
3577775,1815323,18151
6637262,3883173,1994
2363228,1313824,1714
383922,2835656,32522
7637804,1751937,43657
1669228,3075719,13385
1233287,276485,603
5279966,3440913,26476
4570269,1202271,28485
3995214,2977608,26521
7753012,90959,44918
7252603,4068079,8659
6856085,104097,23360
4242951,1091490,27396
4009320,2645801,14544
7137283,4188183,15016
2112700,2268848,33717
2840098,3197083,43972
4837034,463736,12791
7724402,2190613,12214
6314528,1699854,26180
5962156,210737,2281
7760465,578654,4385
7527170,1546808,34376
1750579,925840,39861
3425130,3609500,31530
2552755,2881796,6029
3512343,3492006,21343
3278121,821827,19598
3303741,95343,35455
6115440,753371,44913
7721766,1024347,32218
4987291,4460918,29332
2948311,3889136,5251
7499330,1713074,39788
5390141,4139830,6381
1303959,3541339,19559
6367988,2903140,12679
4271300,1019436,36941
6845297,3385151,42016
639477,3498732,2841
1278556,4236600,28234
6501304,3342662,40532
3125540,4175722,41065
6950834,677161,22556
3882502,3188215,34068
2617428,80955,10734
3245065,1095234,19726
1604088,1755699,20118
6294074,1633789,30364
7312261,634933,31833
6491428,4216664,35002
5130128,4441759,2793
7034617,130409,26570
3487535,2784777,31103
6092823,3874409,12619
2953310,1425127,34896
7487883,4179831,22787
5644549,1508802,43473
2669419,3291106,31295
5404953,3286839,17346
4449865,23238,10682
6741379,1189097,24949
6799598,1398717,2811
6961151,3825814,2416
2852730,3847824,14426
758983,4542435,24609
5954602,613055,1515
2337166,316340,35401
4143421,1559259,42291
2826759,1807855,31441
5719045,2249477,38886
7183397,205480,29169
4648448,4555542,10929
3737336,1386094,31082
3018912,115537,3914
3962,4351145,14952
3780874,3330925,19085
816397,1037595,20034
2791275,1950193,29477
6713715,3162803,18416
348458,1756144,15224
4700015,1881477,18428
5856860,4554916,41790
4617008,2592867,39406
7360628,2501212,36434
2936490,3781738,11441
2592002,1935618,4294
152416,20383,43169
2518540,1744761,1879
371974,2654310,13069
3264181,1134716,18619
2559009,2364660,37602
7238470,3473765,12517
6456830,194092,42398
1599215,3239804,31380
2939183,3843999,8742
5031668,1426162,29400
4217959,3675389,5471
5020787,4326530,23844
1121166,1087396,16170
27087,4075786,3753
6560548,4426796,7908
7161398,171076,33972
6540952,1740787,38740
1181005,1773095,39819
3176134,745744,33197
2710312,107412,43970
1996817,1159899,8987
4968621,2238564,25059
7662355,3503280,42226
4495449,4493896,18047
7134903,3708536,28887
7394042,3575328,33122
1774562,3749304,14278
6433226,3209231,33185
6345437,787700,479
2243486,1476490,1082
1425480,3835094,41210
7244118,2198833,9230
4985777,174293,32692
55279,117443,12066
6859219,1519126,30867
5860544,4542068,26764
6738468,1953522,39090
1302702,3346034,37054
3243498,4466685,30814
6418783,460242,4965
513404,2128618,12673
5113349,294061,268
5665839,1700924,5637
1987456,634234,42860
7809239,3986729,1197
452153,2920804,25787
4518329,279820,18268
826811,3784696,4158
2289704,2704438,28808
2355849,687371,33580
4255747,2919449,6481
426554,486551,44997
278895,1547888,27846
6051366,1132495,11339
1765860,2701335,26810
5579527,1379044,15933
5672954,956872,38705
2594180,3545414,27293
6046005,674540,34721
4655869,104824,9652
930627,1279768,29790
3850222,1470331,24881
6840370,244946,13939
5322902,3676564,25193
472950,3437203,1951
6342013,287502,1850
5965346,2204789,644
3320838,3014641,31439
7885441,683635,42048
5712846,2294651,38002
6486979,2154374,20855
1320820,4386483,32271
1843606,3329439,41094
1074251,4429402,30259
2172312,2982684,4733
1705109,3026435,4918
3747549,4087828,34289
2634354,2972063,8572
1991959,888851,40836
2402761,386307,23453
103918,1095214,12140
2992761,1299415,19887
2405569,505888,19870
1658759,1659728,16041
7846944,2038093,8636
2718643,2591252,26633
1726375,979484,16360
7280770,4144262,24687
996366,3059664,8007
32618,3590992,44268
307189,3916555,13207
6774152,3134650,2792
4662584,3776716,41642
2838153,2581141,16112
7245523,3535817,10449
4067520,2900200,5451
7528275,2400309,18827
4883346,3238725,16583
4647055,3657231,7101
5299274,82496,28337
5062026,103753,34168
6006745,859326,31135
832614,2878561,13154
2825926,3976135,40379
199432,3107697,42355
2656007,1710955,21802
5635982,2810028,42133
3476697,1023221,2327
4940068,3517645,7808
7197188,3610244,28467
5083212,599174,22967
3756093,3760013,37364
3004563,3851047,40985
1391957,3433673,9543
6181932,3136892,43677
2012400,284911,32892
3181564,3440409,27047
1626467,2945129,39478
3878101,532695,41528
1686067,3333888,41097
7567508,750593,43382
7497193,4215250,11070
7792069,834800,5879
3237613,2474808,34542
4581857,7375,16329
5211180,3397174,42405
257085,408681,29805
5299589,4320460,42707
7838341,4133982,42162
2850223,3726133,7711
5712222,328357,17276
1244288,625527,1864
2960266,4302439,22539
6591702,3863459,41599
2357892,3165191,31093
5759262,3551462,14377
3107062,480360,12577
4515041,160091,37842
4781358,2403231,37480
229434,1597061,25301
226439,812305,31988
2758361,2473769,17264
2802737,50855,27413
5792032,3974065,22734
72277,4419874,4620
4482935,1063239,2095
2451985,3601477,19937
4275744,4217206,41420
7033214,999102,35058
4276034,3723190,30340
6810422,773714,40022
6039563,2016022,11392
6511543,4024712,29115
764258,2513515,43529
2029775,2962483,494
6491185,1543558,25028
7246687,3567410,27792
569045,4440715,25036
3716881,4478595,13444
2359415,673655,7919
6183677,3532808,40711
7814416,1221345,39257
3687279,1181928,1476
3182885,553246,19050
7620628,298911,25955
3471807,3569613,42696
602954,3665082,26481
3710000,528165,11569
3560138,1915956,32813
2911174,3282024,37995
1961985,2061435,41758
5239022,1773351,30662
7324465,548531,35197
3488467,657391,19260
4610520,1906874,28496
3875287,87958,10286
6798061,3554147,19626
7276852,3164659,10180
4066821,2917075,8317
3486246,575713,30465
2475663,515474,42487
2939259,2646212,41775
3591903,469144,41442
5209427,168225,884
6937347,683710,28842
2892911,3788970,25020
3110020,4134165,21495
6791531,4012097,24429
1094576,4251675,10108
6719275,706206,7748
2976980,3212878,3049
6452241,3038028,39927
7645818,5493,39904
3407687,1117381,2731
6506457,2567749,30281
1656145,4182197,6934
269355,2251638,19930
3269360,3352475,34542
3223441,1257814,42878
4971730,2744840,40586
7241705,3482271,9760
422442,2480448,39896
190362,3825763,1951
3906454,1821115,32186
518924,3776372,25561
3128115,3316038,35782
2111812,3140552,34983
1222833,1889079,42037
4338433,3632362,3017
7718975,731367,36062
276871,150613,28091
7100725,677680,4323
4431677,1194233,23237
657562,2929183,6744
15778,2819074,17173
1231424,461235,21876
345139,2455281,875
5213994,4186865,34293
2235090,1829722,32806
3260465,2483320,33791
2137690,2384448,36223
2300122,1054813,4789
607720,1022889,28873
3760062,3719916,25921
4194165,2947134,9161
3649216,651549,36184
768311,2854365,16362
6175424,4411002,21467
948694,1598342,1893
7405721,1446851,29812
1614514,4455650,25407
4536075,1047993,29120
6969523,1576944,15065
3539776,1475578,27393
4130666,4482303,39484
4705212,4072221,5278
4943183,4015945,19864
566432,4142388,34778
5244774,4212402,40760
4854805,1949840,40480
3266517,1592023,5798
5255578,3362255,19886
2308982,432993,16355
7076856,2458340,5190
6183126,4059602,18066
2798864,1553096,40471
1897367,1273533,24395
153716,3299408,8607
1305759,3683333,19866
6583434,2868209,18897
5566711,926992,18299
4921156,2562331,24819
2568547,3214382,29053
1774418,4058836,38268
3926837,2621454,10467
4559237,1985394,43236
6975080,3886590,27448
1141052,1307823,23908
5370147,73808,2938
2938183,216974,15180
6862013,4355313,23078
3223926,4292655,5157
5701561,1555493,14012
2903222,172477,12549
3573327,409925,7838
3061199,2543382,39896
6071487,2513853,31315
5229501,2366176,9290
7634730,2238910,378
3445045,3473808,17538
7431001,62029,36419
4291846,3690964,15776
4197998,4443994,15187
2087595,1428611,40757
5010455,623561,33251
5966571,4573018,19451
318184,982891,19178
653603,3603785,19042
6885478,4134878,4028
7088585,2376286,13078
328045,3375571,31197
647469,2018275,12455
4102102,3931440,19750
7802126,3855693,1726
5136200,2778186,25835
337511,2040875,43764
4388368,3258394,27618
2248508,3864453,40588
3049663,109309,15266
699254,2300053,26740
798024,2278595,39937
6960604,3062174,34555
4313141,1176754,4340
6247470,232721,39251
4002087,4028498,10757
623888,1804169,5959
2624253,1454084,697
3553965,825464,34423
7646217,3293584,263
6075530,2051125,27252
3242237,4112054,40800
7662927,3015156,17636
1931386,3134978,483
2608153,2635863,40558
6980261,3931590,14428
411490,427525,24025
3023117,3730833,36328
6491013,4230333,26192
2715947,1439624,11421
3714094,2021247,29671
5947147,3155125,39415
5317883,2216518,32732
4089875,1097351,9448
4650456,2153061,33903
5147058,4057002,27067
6180587,726553,5012
1481382,2854774,24174
4107156,836850,5000
473762,4128844,4393
1048413,4292361,38546
3988699,3291213,39671
4068401,2894893,41662
2104155,4243187,21204
3060287,3824503,38269
3282711,931631,11624
5539025,89102,28095
7508312,549919,5952
3819513,4379911,42250
6594730,2591205,18958
4366,3340543,29250
2453320,1389098,32095
5052136,2340421,529
2566950,3159043,34611
5342989,915752,17332
993986,198176,30739
4675719,1773424,18315
2198226,1054779,10160
7546227,1101066,16014
2733699,902457,11835
6823340,1867965,38001
7709249,2147894,43520
7073076,4273064,43085
4044529,1802042,23326
6907815,1548490,18788
3827959,84041,916
1152934,2817116,8660
203768,1227753,33953
4851528,1805000,23280
456453,939761,33302
6949619,2315048,31072
2392643,826101,4811
6708145,3373505,2145
5968622,3178570,17390
1255474,2566244,28221
4694636,774133,42976
2576115,2535224,30341
5538983,3843151,28649
1912388,2384240,34701
3693828,2935520,14381
4070515,924206,37221
2622524,601936,43235
5093783,3379454,44128
2240631,1465305,1216
3560370,681446,7779
7309840,3067083,41335
4904960,2036437,3669
3342656,880470,21930
4889749,2988970,9462
5918973,1485308,1035
7204376,3808309,16287
3455602,672006,15423
7190491,3285703,9094
2568084,2392708,20321
6076442,75538,10319
4157778,1878597,21820
5269027,1658470,36973
7690999,3213430,36064
1007171,4136153,17752
6520071,1129441,8231
2210773,1435763,18158
4396936,2860114,12511
1632533,4382672,31008
3201042,827474,18783
1634501,1413967,21807
201133,1524797,10570
5396563,124591,41411
5291765,489168,11205
1292376,3226347,419
4831729,2075981,35586
788520,2489371,24781
3311820,168032,20584
7703440,4154422,12444
6371791,4494340,17732
5517388,1302560,10279
4873980,3810446,57
7786210,621390,40678
1131655,1450567,196
4257396,3959565,16232
2469577,1827215,34473
1629982,1703348,703
3328555,605954,26881
7617541,3166896,43250
6014854,1859148,18993
6078427,671740,21716
1341181,1716425,6114
827633,457730,28870
4805014,3803206,20880
1341705,57527,27737
7519821,1493258,31872
2417583,3271662,469
170408,1898050,11678
2252495,2862112,37359
5189593,2089959,41753
7641221,911823,35387
2050212,1546348,42014
7805302,2693362,6612
7823159,1835975,33150
1491481,1371169,8611
82455,1574968,18792
5478478,804705,39612
7513469,679361,17441
4940997,1172782,44655
1678474,1492505,24047
5568333,1057256,8554
5355095,3841462,9779
4385761,1219681,21914
5175787,1177801,32771
1049953,2675095,27582
984263,2064583,42203
4951993,4445034,34485
420950,1793827,11984
6455556,1142970,28504
3401156,3154711,40222
7781844,2158593,19720
4951793,2328962,25633
769377,728670,30776
4107430,929254,31890
7253682,85339,14595
6399611,430571,32893
184896,3444929,24061
2499439,1346826,19670
827861,3595216,31986
7418525,3585511,11805
2998273,1970163,8825
6419682,3411048,41625
290810,3800789,17587
2759535,147589,38127
3660517,1436696,18869
919623,1060371,42012
2910170,2583572,5759
7598289,347435,7383
1744026,2128198,7627
4786213,4576591,16635
22231,1258270,33953
6000010,2936589,14767
762041,2984864,29842
1779056,3787157,3415
4420543,3514949,7696
2098595,3212868,29224
1361139,2566382,21538
1296727,1655889,30119
2612764,2477830,7674
2645376,484714,11099
5080386,1220358,42545
732501,4098108,29742
1103711,2162445,41297
1024401,2571614,1755
5516388,1277436,15046
2398267,151138,2656
3766616,1968519,39891
651329,580358,27760
5181105,4334000,37557
7066634,4416880,38669
2894679,3481051,26940
2205452,3414465,43777
2208947,3507578,8983
1381578,4411392,15750
2968612,1920701,35828
4909681,1342886,25734
5350179,718243,26767
235054,2743509,35219
1570568,3358348,6970
353701,1390291,42098
3317330,1484655,24244
287047,97871,18381
6814608,1742635,30354
2265387,1291201,11455
1249571,3719032,25033
2970919,2550379,11923
619301,442347,16659
4194786,2917660,39065
5566418,1835298,23820
6286284,4566571,43235
3228514,2227522,39714
7486486,3140921,6755
6538696,4362119,31420
4367357,2393435,22457
2877761,2025192,26476
6178526,1821218,14633
3125742,338770,24982
1863006,2199342,16083
261957,3295340,41164
3285981,2636102,13204
4608237,3837882,25168
4004015,4087071,44407
6134173,755606,2003
5320589,2707123,2056
1813875,3559143,5572
2338779,2184138,40201
6488612,740562,8368
1755587,497792,2820
6717027,4349890,21682
129428,2412752,21104
3066634,127123,40142
4450242,2455536,12538
2020568,674350,34093
1704078,140994,42137
2144844,557969,5266
7116394,625809,10937
1706425,2730540,34165
5953284,2232298,41117
734409,3691535,2349
7280601,1565449,25715
2313662,3886985,20028
3206530,2150600,12453
5492660,509354,24191
4692897,1794362,13106
6463145,483768,38445
7532237,1303795,21223
3588262,851828,38926
7760877,3340160,20632
4968845,767728,37010
2605838,1200806,6332
5933081,1431432,21123
4454436,3350633,27929
2217801,2002598,14030
4714665,2141963,44676
996745,3281223,3395
2633673,554750,23475
1930053,1396758,9385
7314810,4545128,29362
2158329,1731630,19270
303255,4169639,16559
6288188,4437451,9830
1537302,4300475,31838
4918850,1391605,20705
7005893,3748275,34115
1812903,3610808,20411
555977,1034064,23509
257991,2058204,9009
2150630,169510,41795
744615,4539772,17510
5263468,4133023,21264
3442997,3044942,26613
5239957,4252125,22178
6152803,252006,30316
752445,2305245,43660
3416666,938429,15248
2683725,2209372,21058
4601795,3482952,7530
977353,2911234,6535
2958787,1662463,15228
1596842,1330779,43801
5689636,1669383,44438
62637,4501421,27247
3128739,387904,38054
7887332,2715960,27571
2811898,2601637,42879
4326429,3538505,2427
1439958,3793642,36381
1544972,4010192,15164
6349354,2302132,44021
5496097,1998285,16741
5259919,2261196,18222
7480214,389077,18095
2582039,923023,21914
7233972,873716,18441
7502686,1788793,6033
7703933,433481,9223
7740,2118900,10249
2505749,2845760,1817
811576,3207705,9433
4673110,193605,35797
2174932,3196458,26094
6268772,280799,9261
967907,1933976,32979
855850,4140487,7583
4016427,206360,41477
6609569,2095119,5031
6930770,1970543,26725
6157675,816603,43533
7793252,1752348,31430
7102846,1765542,34029
165371,2208207,40939
1830805,1413379,9215
5843085,2995794,13935
226574,447907,18920
3674027,1645798,1909
7192427,1409191,8740
3385955,362888,33521
7468034,1387147,41876
7857792,4327377,40627
5292271,79000,20791
7594737,3718498,32680
3225068,716460,24395
7665494,4228852,2759
359392,3228207,37696
5091503,253944,37360
808515,3782055,19273
1078096,3031224,42318
472254,2446877,13159
1845053,2833163,9503
4560831,3232719,9250
3206543,366435,19076
6845336,4134742,1104
1008697,802630,19432
501270,3236197,38035
3263512,2210635,37941
3645098,1988739,22496
3685827,2858945,13900
2878764,379719,26078
2685896,1924315,41543
5212076,2231511,37004
5968654,2353640,17793
5800624,1140380,21321
615149,1905209,42992
5310069,874774,42356
4280480,4422991,43422
6130796,1637568,8662
5979370,3893981,11670
7270316,1600659,44106
4770320,882057,15702
3068987,2890752,8460
7785233,780101,37128
4317903,3310371,43551
4073335,4310030,21563
1851835,3757899,32142
3817428,3287140,6776
1854052,2953090,1106
5483623,3990650,2825
6719542,75997,33724
1821114,1715602,30948
5140773,1209962,37151
7459802,3207365,18954
2229843,4204974,31522
1665203,371376,37389
6739915,3322566,13019
7615581,2851603,21303
3080168,3609995,11132
2008339,430948,2702
1136858,3803746,30004
6422869,37595,22167
7257390,4031201,16112
1815277,251350,12759
5070879,497591,11912
5514634,3394683,20903
5291477,1909413,18386
5341652,2655947,11432
237541,744999,43480
4230991,1227117,21725
1913682,1099207,13782
5921489,4312220,13277
917455,4356197,23979
5848413,1194072,18548
2165495,1737739,9087
7632904,929208,26756
5254744,585019,29648
1294683,397867,22976
5691063,496171,43655
74114,4549171,39665
5538616,255260,2202
1817541,4337528,26881
4796168,2363679,12191
4468920,1788397,945
2702351,3962308,32821
4212493,1423843,44845
7091430,3108920,1478
3323798,229134,36671
4614823,2173801,31045
5646140,3144752,42396
242806,2469302,37379
5953518,2125173,30516
7739952,2066512,38283
6688133,3595392,39218
6897735,4230514,2660
2184734,1751322,12675
7350296,2827790,28564
4674834,2224039,9440
5562316,4277751,33132
6061031,832876,130
1484686,3588151,36702
6289266,1511145,5025
4372499,113364,17620
5516417,440707,17582
1406727,1544800,7247
1056546,3982254,2618
1770951,980838,28491
4878482,407349,16638
1760511,2594896,18981
4809793,2832151,29050
241570,3008316,29276
3302566,2242495,16008
5857770,957506,34918
7789488,4457920,14714
1333584,15755,16141
1454931,1592203,20387
7300678,2888966,17002
4616302,600398,16564
6466453,1933928,20562
7821339,4486660,17486
4925042,2835040,31941
4446380,771234,25760
7410600,596790,4840
5731915,2810765,2415
4996103,3817158,43218
4834039,2505501,27807
57118,4490307,6546
639750,2610267,5414
4094593,258511,33127
239840,4571939,990
5837778,908920,29148
7669809,1645208,13741
3500184,3280627,30596
215595,2878459,22189
6422538,1997379,35019
3675836,3747224,20127
356969,2049761,9783
3760830,505651,1442
6237667,2596158,37410
4731207,4472929,9925
6346,1099132,27537
6268883,320623,29161
5265679,3347323,28713
268495,2792887,40086
3654601,4057612,30388
965284,4569632,36123
2215537,2482097,25120
3008697,2627579,4481
4346872,394931,23263
1949767,3540576,16904
266209,2198668,38677
7393768,1516518,23107
6591349,2886906,30800
4042138,4501426,28002
5808879,4138220,12894
5827380,3577107,32792
7677300,4569770,32340
4901482,693835,14133
6784915,4039584,25310
3995748,3382305,27029
3668220,532532,5499
2076475,3034977,31128
6353135,3787245,15291
1813477,2001643,7888
2870508,2225600,25442
730261,1365225,4459
2433090,1274179,3397
799450,867141,11976
5929518,265518,28257
7337542,1931526,32735
980774,2163178,35210
5799525,532514,7354
4323531,1266411,38426
7353312,3066242,5951
7455243,3781476,6088
6238746,2812592,9719
5472548,3100878,24234
1864215,1821534,27187
5707438,3859419,14775
2474087,4195619,21761
5572625,1302688,26727
5851600,3502599,32880
722736,2887357,33243
1001524,1629620,44938
4122966,649993,6737
4137436,1446044,14379
2359327,1417555,24904
2773318,2216253,11354
6037525,681259,18033
6139267,1886859,26191
7055988,624121,7138
7558530,4360440,18098
3409527,2097548,26570
7449668,4008232,13379
7088856,183488,13974
6469039,3755031,34116
6663372,1059999,15077
6661267,456457,40893
6000376,3715437,31822
3841213,1481554,1111
1196323,3969429,18610
2993738,3340584,36462
7074111,3481046,5172
2674320,486422,4386
2589161,3742861,26559
2983682,2188530,20226
7373507,688543,23979
7817007,568087,27405
6420224,2751714,35211
407611,2652032,21696
2758953,448151,4922
2214719,4335835,27404
4029138,126697,39406
3116646,4231547,38617
981864,328549,24173
6106322,406469,2527
5323523,1753631,16807
1801249,3992760,25532
66876,4007989,13729
359286,2294237,4359
7888219,3298757,14648
4923271,78699,12372
6080601,3093488,12965
500267,2072557,34178
3714860,2457870,1380
4182263,2234326,28111
6729535,3826913,17862
3018325,4477589,1647
7856354,1014521,4448
7347737,3076752,37680
1246315,2958593,12759
5897449,2478835,37298
7554147,570544,1275
5763594,3093278,10203
4208984,1032099,25323
4179445,1257817,5806
5605567,1656657,15614
236941,4258076,36464
6921164,537548,6660
4412869,1356743,44402
4594909,4438354,19463
5677393,3478361,29089
6374843,4277331,37641
6272363,2969968,6856
5259217,3374759,36369
6353054,3269323,29598
2388566,2612332,37307
7461862,4219963,2288
6161981,3745541,17158
1202330,3730051,2243
3999244,318294,43883
5347967,4248360,5719
7523393,2473987,30706
4170311,489393,32298
158565,777746,41480
5615383,2577622,40235
6066279,3578773,24492
4213469,1120594,23869
1423994,600934,28229
4817757,2836747,22539
7526727,129326,33025
2515655,3803214,31067
1994513,1971452,4035
2562148,1419058,22364
5897719,1609159,26170
1072371,1966474,8895
7059454,798610,5744
7884295,3183685,36445
2236901,99392,20315
419852,1450642,40377
1610075,962764,44575
4199594,3655644,38181
5117290,2277421,21985
7024493,2869674,32124
1819152,1475005,3343
901005,3490556,33319
4089221,1448690,3521
731767,2119836,6477
901239,3214787,23799
3048090,3297995,44062
3774199,3665411,8673
7238036,176214,9142
5507168,4021476,10019
1706293,3601308,26073
3574840,500315,6290
2565094,4440984,44998
1425185,1506900,4274
4469585,430728,9213
3310317,3722126,43392
5946987,2208958,34732
3011250,4301661,44741
5465317,1930210,3977
2588518,3058337,13532
818280,861078,22942
678379,2159471,1990
1023630,2972219,22828
1258852,1012322,5041
5391744,346649,41608
986347,3515869,6138
1528057,1682655,9301
5530143,4429455,5268
5661225,4313755,37595
2578005,1048939,38026
4022440,1340828,36041
4216266,2178342,23874
7532733,3614868,28769
5891031,1045100,41718
4351661,2673373,22104
1536217,262771,10024
6613272,1194528,31008
5600754,1493054,24912
3136664,3639068,25185
286614,1562194,3647
1453461,4413414,13611
5658427,3270530,7417
7783813,681055,30502
4269170,1697168,26805
808427,1026336,42355
139657,237260,6491
562515,751861,31850
6661194,2120626,20009
6786765,1496799,17018
3130691,258425,26139
4989514,596502,4059
4041927,2523174,17778
5728544,2615330,29887
6969545,3787533,29751
4518708,2331101,26365
2922736,260571,35167
9219,3760710,42511
4666059,506130,18329
5816434,2378244,19274
2381581,2252239,44155
1064992,2975506,13089
5327855,318468,38290
4872331,1967790,34037
3770594,811792,11765
5365614,2946494,19721
5183057,4264615,14925
5555869,278870,33224
6261044,3563890,33992
6628635,3886616,30404
5033291,1851080,34737
605027,1230750,27845
7092074,68145,1025
5956696,4512030,32117
5524794,4062550,14328
1583921,1394683,4137
7769442,3978491,3615
3869459,1027329,35693
507610,1225481,17130
4315066,3778953,16664
5406501,4233697,37937
3544142,1680453,37019
1990871,113473,43405
94246,2996076,32233
221797,2013571,27153
3305875,3013435,20134
6562173,2099163,17204
5625132,213395,6853
5845767,2366654,24117
344327,4235577,38153
4166197,1018275,26531
4741423,364603,34621
2796528,1720182,30250
7064554,2138900,1880
6052699,1384693,38362
4183961,3284222,13444
3511938,3846166,44537
4341535,235436,6716
2331112,1432922,32413
2057683,2586087,16813
3117598,777336,44785
2504081,2788439,59
4588812,2852260,12190
4484619,1337771,5485
964324,4456310,41621
5626936,1910508,35098
3654796,1249940,24986
7509330,2378925,35896
1210931,3747057,3665
2414684,1901902,14077
6886414,2844591,5571
4760385,3410452,3008
6187950,4508180,16718
1394283,1911285,26134
3052752,1904044,44718
5353974,3255436,23569
3347727,2378016,35092
7611947,426876,10581
5890864,4000469,13524
7638546,2009845,32808
4126261,1006455,8617
6614015,2234954,16731
5771729,1817306,25400
4254723,4528062,26051
3692064,4350047,10330
1603010,758601,904
2497973,4358166,24875
1022690,538212,26979
4398322,671486,21814
4001197,3721781,20975
2286214,3723495,42254
3949998,723040,17542
4670643,828640,36704
2244767,3776405,32818
7718336,2525747,32773
6148085,1209062,24775
5320368,446570,23162
1413177,2699385,12751
7846392,4544084,44646
4532237,1177278,17134
7317091,397073,44867
4337126,3762178,33313
1375133,3355558,29784
5415957,4183304,44581
1023380,3953272,3982
2506167,1829755,4562
3097880,663896,34388
7082011,2925823,8749
204488,39386,10976
405267,1355950,30190
211526,1364348,34453
3276623,1704747,19125
1401514,92632,25227
7084058,3627449,39614
1644969,291144,36246
216271,4086453,37101
3275757,3259574,44677
7194273,4278030,14515
2971926,3862773,34426
5611241,2832589,38259
5995442,3466676,11499
5697620,4246890,32576
1321140,1202355,43413
6229887,294289,15378
2620867,4407033,4393
3999893,1784859,40702
3346666,2698437,4182
6692593,1388005,19318
7229168,888773,23618
5892024,3645562,6270
3220363,3037018,7843
5539461,755087,23980
5009482,1243101,17894
6439040,292399,18235
3792029,1084211,13575
2038383,2384437,39544
2039763,3525545,23802
2481024,531967,9432
981927,4198580,16369
4483146,3303676,18519
2863546,3553601,20311
6000057,1770953,13727
2696649,3851222,7449
1135938,9288,39286
1324613,4121693,18276
2095632,965846,27900
7709454,2560163,40143
4428623,1462182,1231
216906,280167,6462
5086314,2535025,10593
7226423,630484,1846
4410795,4516333,9904
4224365,2559069,24586
3778333,3831466,29232
4716623,4115549,4566
3428213,3398385,6094
257044,4153110,40308
1391127,2554721,32581
2308788,253446,32916
1326373,1815567,39260
3968561,2486986,39301
2560902,776080,26616
2028408,1766367,7570
6644465,4517906,34695
4268031,3118338,30087
3670092,2154378,5259
5031440,3280149,32676
1464613,3661198,18120
277159,4458300,38791
7329255,1799984,32601
3078145,3011582,30109
7430228,504460,27181
7571568,2218106,14596
1609167,1593843,23845
7395550,2856831,22049
4513024,1922162,22194
2712979,468430,37552
1816553,3733127,3229
5009504,3025022,35148
1363341,805047,27376
4507104,1567313,30357
5051011,2000899,12184
3039484,1237363,19922
5388515,2608324,39693
1832316,2953198,38291
6853386,2960737,44453
1604538,441076,11849
6169727,862213,26267
2300477,2901701,11948
5128209,3814672,6122
6752470,207819,17951
4524200,601050,5812
4814017,1194328,40545
3084143,107081,2559
2803643,2073829,21744
4124248,1158497,205
7304453,3607788,3574
6255395,995489,30803
7504301,1334267,26054
5439543,18258,6895
2448045,3762268,43555
6556809,814100,40886
5974377,1753974,3698
913923,1855859,41530
3588641,1562250,39717
6903139,3603798,13549
1063883,2970283,39297
3324951,2510859,34504
3061482,4061469,35193
5677892,4527588,25770
4912626,719928,39988
2281271,1726329,36497
6967851,308643,11764
2493170,1500088,13426
5001598,1972909,30936
907903,4228558,6787
6901699,2482961,27007
4808432,181106,44812
5906578,2728581,2991
6534520,78073,3543
4497978,1201075,38279
6147011,2348501,12269
2160404,3150115,36134
3021417,3928897,29000
1121559,1773018,35743
455269,2381216,11647
7853054,3033469,15750
6089681,977539,43642
6785159,1940276,24620
7808494,2003768,36567
727293,3554442,23465
6117648,2367542,8555
1828730,2659108,18135
3284252,284278,4621
2785118,561597,42352
3564807,1859648,9581
993386,2238637,10807
5612775,3929584,24645
3390609,3020376,8147
2473676,410646,24361
7438075,2145870,744
17103,1871333,19879
1095236,1908178,18401
18474,1588236,23432
5237231,1001046,17543
888638,3641126,21151
6646282,2939551,1078
1161409,811862,13490
7185192,426134,43100
6839484,4447697,41821
135747,1575336,42517
4373452,4486791,24614
3490511,1956472,15307
3494888,2418163,40570
6469752,3612773,44564
3040276,3404519,32767
3974478,2943193,23051
2771220,1207913,34462
549160,4459406,33526
745265,1020412,17421
5543925,3647865,15240
5578596,136146,29147
668294,3942718,9625
778705,3390263,38478
6497114,752361,30699
2592702,2549841,29539
531594,724494,10263
7804099,4236870,44950
4512573,853215,38854
2472829,610116,13159
2181238,1674417,3818
784955,791675,41950
3487627,3313185,4698
61008,4494432,26132
6977491,748178,464
1412397,2000020,36260
7498999,476812,20700
2425824,2077723,18742
6948387,3587967,32265
4647294,2728547,29312
5647275,3517704,37784
857254,4518523,43847
6782269,3946761,10948
2052547,2601626,39988
4497614,3149852,39255
6455864,2209869,15983
2954372,4157880,17052
6503219,2937352,12057
5056382,2131805,4335
1499938,4497358,41277
5354539,667657,37576
7654346,1337611,36921
4489940,730396,2003
1016845,642199,33212
1274034,632999,6677
7532939,2583867,38754
7491444,4395057,5187
5844693,2983394,13198
6669185,1502769,40789
7596493,1574347,35356
7429435,3739890,44486
2036051,1844593,36096
9770,1939759,8728
2314510,2618994,35077
7035616,3263094,15456
6567737,255056,44763
3681209,1843397,43846
4067226,1751170,2005
6557977,381474,38729
2174742,3004584,23605
1890169,2410737,16239
3714057,2570116,29818
4801440,2309481,17112
1490871,1882003,30255
4589964,4302142,5544
5416416,3021746,33664
2668874,2831044,25923
7624639,31400,31711
3061315,4076429,22481
6733341,2809572,36954
6637453,2844913,31674
3141673,3741897,16782
786265,439167,38420
5597881,3470615,11020
1771735,1985089,22133
4194595,2123643,20413
907574,131544,6823
6423463,2157679,44339
6882152,2178156,8565
2823284,3559604,1961
6578498,72309,34287
7020275,2361546,20062
578398,3689144,27233
3550900,638478,2372
805275,156630,16691
7117264,1269677,27142
6500836,277841,36525
3774111,2917241,32093
4138789,2328524,39524
504242,4502686,30118
3118885,2834524,43750
4533927,3450227,44986
5054829,961688,30397
1043124,2709305,11977
5165356,1143160,6223
2128883,4443233,38744
3849293,1549169,1145
2838763,144887,14007
1815435,1379538,42658
247175,3600502,10786
4110580,4164479,42721
1298758,2602300,43361
2963963,4403540,39680
3814685,2307479,27171
2508168,277361,11113
719481,2748648,29928
1952902,1849986,13328
6197682,2890710,29099
3557767,3125073,33563
2277924,1992760,7686
3427461,389929,23919
1140702,151718,26143
483003,3863811,17824
3530497,2422467,22174
6887028,1445458,1255
5976130,2221339,36755
7153118,4242966,8223
7487008,2650566,25008
280127,2332815,22942
652023,332471,17400
4749438,2623866,6479
1961669,4331364,16614
3929661,453844,36716
4661373,729875,33331
2420438,192475,14469
2099285,3258636,32833
6080014,3907281,33512
4247389,2986989,20637
3575498,485485,44701
7798555,4028808,15595
1504023,3741312,18430
4600562,1830511,41502
4604400,3179146,24663
178036,3442158,14780
1973493,4392757,6137
3445892,1314493,41595
1631422,236194,1252
118585,3959754,37439
4693439,1263775,32562
1551918,2219861,20320
4751536,4532644,43897
5152514,2654320,24828
6146594,3352066,4292
1420424,951681,3501
2768829,3753522,12035
6156521,4504416,14007
840188,3756699,8143
4571766,3809900,21534
2246510,3218508,5104
1082712,3301144,20728
4113552,4270854,6996
6974738,4086094,43086
7614781,4083968,40165
4446119,3086686,32688
860142,974719,35740
3911535,2646599,32987
2153346,4461128,17169
7107186,2641969,22852
1194699,1194559,5592
4634499,815816,25698
6285320,3013800,33454
5230126,3405692,15975
6536986,4210982,28353
2110131,2649906,14273
6747712,2354955,5089
1782643,2751954,5616
7596406,2041270,2783
5967511,4416872,16882
3731881,3289463,12852
5734092,2963527,19125
3413944,1807415,5570
1353318,2065775,27062
3253857,686448,25390
5498855,166498,29111
2527690,4040215,6717
875645,1973038,2115
6207887,2316544,36237
4870234,4465119,40800
6116929,4098149,18094
2827983,4109714,31937
6077904,1625436,29192
5543357,4230227,327
3298142,642792,32952
5756476,1899468,33491
3744884,370255,17334
2995835,1319967,27495
7290479,4494696,4932
4273293,1804493,25018
1125484,2813272,13020
7157561,360844,13114
2321663,2056808,2616
7193206,985298,36324
4958522,1400966,25282
3455477,1823252,36931
1425762,3505153,44399
378722,3393776,20191
2623585,2911348,10949
6603623,926075,35487
1961962,330311,26107
4230622,4301321,42122
5185266,1607680,9802
1450267,1220295,22716
4489634,1653384,6401
3222984,2417168,43317
3291505,3892528,8006
5346885,1855030,1080
3460725,3044930,8537
2922384,784618,36864
1171453,1761773,24761
6932610,1042950,42221
6647114,2056388,37927
7850596,1345388,20501
5235955,2855243,10628
3882000,3380572,26600
2905440,384531,43002
1179009,3482713,34894
6543523,2044357,25687
3423439,4178469,10722
1015122,700074,9507
6414541,397092,38634
1098104,2100533,11570
5555423,3324346,6971
4041754,562196,29485
7704616,1784769,3572
3625448,2372076,22329
1301301,2176030,23303
2001295,4428812,43239
6239178,1857778,36801
583214,2508857,38004
2013961,2707824,26309
7027549,3952961,60
2414249,1175963,32574
5113553,2658252,14732
1958602,586204,11431
3007448,2615690,6969
861677,4313227,25268
7744640,3203903,36073
2196763,1966396,16300
4639668,1339544,7466
1440614,392475,5927
4285385,233970,15822
3547246,3793759,33586
6561234,3930019,14375
575267,715361,24100
7101548,651837,22580
5241264,1446240,44866
5691950,1671165,28043
2694649,3636237,30773
4861106,2227778,12103
1384888,3967365,6930
437827,2171023,24046
6431226,309967,31863
4141395,226454,22085
6345476,2180647,34438
1868230,494501,33668
3852488,4391862,43939
5903011,3971088,32197
4074001,1827717,25842
5616821,575653,9283
4945880,4188941,8837
3535652,4076501,28019
5712987,3409858,5490
6324365,193294,14504
6034005,1762567,31196
7434407,265497,33442
5846740,3913331,26739
4324451,2683358,37806
3605225,48098,34904
6404348,947612,20435
3491069,1728870,16047
3189546,516651,27316
5880770,1916140,32277
873845,2274421,21700
5543348,55121,10312
3892871,144403,11298
6269405,1022403,6119
5674201,3333306,40458
7027754,1600170,14572
449818,3777426,14264
261117,4314111,41821
7311008,4100762,8357
5611069,3952746,37318
3011192,3551439,4096
7535799,3458017,42461
3309,4119166,8331
3711803,1133561,35909
617651,2109376,20610
5238631,231491,28234
5411500,2147898,34193
5207373,2303024,3472
1361243,3070561,38465
6898390,1343194,5677
4502544,2052824,3056
1273219,1009146,27718
7866271,3593523,7985
5263652,4030841,35658
5627682,3404454,780
4784352,3792923,5108
1049759,2790572,8469
5629678,2029709,30287
4171746,503168,13439
3798086,1586947,20012
1718945,2622694,40677
3042685,3046431,36076
6752697,1627273,13197
5805316,754172,21746
714174,680318,44772
850853,1619565,33940
6553724,1308833,34234
1376814,692142,10508
6656503,3118674,38856
2123733,3223959,10906
4925933,3651802,28337
7823313,4018817,13979
4768654,2696655,23136
5116398,230746,41343
3920396,498800,16689
1782249,226864,9354
4054131,138945,13923
2628286,823393,3473
7278944,550690,13841
3094662,3611768,13799
7228035,2730822,16073
7296923,3138229,188
3574030,3996857,15762
6248057,1861705,4922
2493663,3814330,40720
3558817,3831862,32601
4153871,33726,25288
2469739,2911064,10201
7790000,1348268,11142
1301785,4456794,43376
6913298,3349039,33193
4220035,3862958,8074
5208905,4520695,21492
3439570,199233,4721
5688183,2304904,27833
6969703,3424108,22070
4717919,356397,19234
3534473,630878,11075
830524,467770,35031
3407111,2851712,21897
4487044,1710355,31778
7328461,707465,36469
3104507,4111243,25922
2072028,201467,11610
1827642,3772904,12126
2152285,2512283,29157
2596904,4301700,1747
6726246,3834677,24677
5721062,4536084,6024
2398668,1181659,40305
3155400,537941,44362
708215,1154899,41102
5043478,1296487,28375
4625990,3717164,11506
7834587,3361243,16294
7669644,4477003,8435
3075771,186288,28075
2001539,3163734,37304
1499926,3553553,12575
2213584,1476180,8018
2986126,1023292,7003
7246846,1297720,36933
65846,3941104,40682
2347101,3383332,31286
6818833,3378365,42867
6561056,3510073,43369
5817886,2650530,26754
3262976,3474425,12008
1690175,722464,8198
1137906,1534747,11000
3195499,2671819,44975
2276923,3432441,43869
7698711,42318,8604
6341968,2459985,1201
5292210,2958135,44877
5380195,1664666,28131
4179130,4235697,13971
4284031,1132196,42631
5082949,1334991,34307
6590535,49473,40395
3003673,79773,11908
4393789,3123648,24577
2605405,4386182,30344
7248139,1172091,20298
3955302,1246641,35801
5929364,822914,18789
464526,1351927,8969
5893994,1895803,25548
972975,3936204,6576
2132763,3171945,44466
3728080,1801695,13249
430510,4148547,36830
2215640,3009749,9860
1091479,1910874,41266
3199612,595690,24509
1035082,400108,11653
4087831,2386177,33594
4684034,1249607,30612
4337397,1718418,39381
7330200,1727082,3449
6301012,531697,37909
5521033,916927,44749
219362,2277709,14363
4775881,1311249,3900
4792946,622323,44694
3178472,2108646,11804
318156,750786,5473
3573784,3347825,29095
1038528,2884820,32380
5924226,3603676,22977
2947530,2918836,9975
5154163,2839427,42213
1179461,3021684,20525
571729,1164027,34930
2621454,930340,4131
551042,1586742,33223
3656285,3600468,9114
5038895,2101987,26724
1069252,1598,34323
5252077,3382169,16760
2547096,4537634,43912
6313551,1411852,39112
4675855,2160573,1191
1441338,1380694,28105
4031286,1976945,38193
476971,1461270,12035
2173855,3523260,26346
2210308,1571532,20264
7368507,3525830,15724
4631858,4508827,4785
669474,2095296,37740
3716504,4400726,14431
515503,1900399,4254
7148247,101920,23211
2361189,2184074,42344
3375209,2368402,20206
2303424,867440,32386
5564877,998163,22012
3299619,562422,42980
226723,52607,32213
4800967,1571383,7776
1352997,2347536,34940
1823878,2001604,29465
7441333,1560351,42509
5984496,4119650,3735
2354082,1600309,13339
632222,2249209,36178
1764322,4490310,33356
1710564,1923041,37257
5039883,164294,3023
292215,2541645,44319
2221148,1627931,1027
1355237,1116674,30320
3318058,744361,34006
1056073,4353568,20567
3923758,2365012,7907
3562925,1488882,27823
7671559,1974887,32688
7128957,2668227,26578
3804483,3184632,39608
3069236,136147,22662
970590,1115014,39083
5200540,3002697,36267
6066880,4306704,37117
1799006,108596,10482
6651696,637645,21479
4203546,447328,18960
1769709,2901732,35649
3201635,4305841,25993
2334562,2767407,44618
7264984,317852,10906
7105260,3699767,7773
3484761,396391,38580
5619666,157657,9219
4671715,1490031,20398
4855007,3076670,10940
2587495,1709600,43621
432954,2438675,9867
1684150,4210872,29393
1055434,4197481,42916
1023381,1820897,27642
5800500,2681238,43886
5400415,928968,6305
1026835,2989681,35483
2535365,2609472,43330
2762853,3344626,43744
1677108,4015493,40580
480926,1807039,36619
2887252,2847028,2603
6164396,3285469,23144
5072163,2923798,41556
5494799,473321,30001
7569606,3414047,7216
482105,3289595,32579
659406,1267444,37133
1418333,3737499,11915
2789488,355468,39023
4835361,1324916,39329
7232698,243882,44644
6884803,1744422,5047
3309802,1254130,43492
1088217,3306455,13502
7256748,999266,18984
1582945,1183378,42559
5559498,2063549,4877
3796612,952825,32471
1140350,4037573,39309
5082723,3328930,6373
5648842,4368841,25647
6792165,1748726,33855
4216943,3283470,35661
1633287,1285407,37736
3686570,3130242,42758
765843,4071852,14280
6190081,4510825,6651
1184751,1973868,14265
2795950,1408202,27796
1656643,2495449,10654
5865969,1650242,33800
5078724,4440170,1307
1658464,3691796,10603
7190709,608814,21144
7794360,414773,22002
707349,4272976,34797
4806777,3774899,21200
3366523,1025731,24999
5309783,303942,40180
2280582,522323,38605
2669120,1002387,11823
6696532,3782744,5016
5832509,2189994,26081
2347619,1621935,29035
6459482,2508746,34930
3240401,3208526,31351
2750724,750646,15125
1702136,6642,5127
630109,3041539,14879
6592806,4161237,33888
4619370,1154082,23505
2169908,2873965,7168
1375555,4397072,26735
3372159,3914518,5520
7571324,2094660,20450
1249542,1034769,20409
7683778,763035,279
3180131,3606943,32112
1446791,691023,11084
5928443,1217586,24587
1637645,2615976,476
3300280,2237687,29379
6691367,44937,14407
1104283,2240206,19200
6509717,228795,28591
4710434,390614,9223
1127026,187051,3674
621371,4346337,11933
6120471,1464524,25929
3631129,2271190,41143
5473090,158755,3519
5795341,4348293,21203
6249740,4307036,36267
636549,3805485,2316
4890434,563522,37735
528923,184256,36662
2988635,2898613,8758
3957075,552170,13132
6426419,3283541,29372
63244,2708711,15493
3939130,2982188,16984
1677273,2864996,31586
3996639,779862,36372
451392,1516821,24512
6482111,529390,20585
6216104,3903979,13107
7577598,508459,16253
5253352,2360615,23408
4252180,1050729,21683
6359892,2143413,9358
5433781,4010061,35164
2791323,4543877,40075
6214225,3555321,36911
2560801,4122465,33441
3989998,2245905,19070
1226170,3672078,33434
3329672,2787837,20732
792413,4485706,32455
3112622,1187698,2270
850000,1770791,9593
4677071,3485987,10311
2656948,2141832,36778
413277,3221613,32482
7249517,1562401,27146
5554066,1683420,13042
7692424,4107672,27187
2201642,3889781,6717
6257026,3177359,29128
5299008,4411858,32250
6101464,3588040,26585
4398276,3143797,7978
1532313,2186404,7885
7222984,4450974,42313
2447193,2872300,2449
1667033,1956445,1487
4294059,3809525,39083
7133094,1343123,40372
2720348,840950,30924
2088810,2442827,4254
76828,3938168,42263
3435602,2333716,14921
6174330,183725,25473
5865902,4494410,23480
7465712,1208388,35827
5916961,4261411,30616
4195657,3622694,1868
2169736,942340,7152
1987016,2992526,26061
2823070,3473937,23466
7540182,4305373,30959
2050871,3083316,33974
6266971,3479887,42232
2187212,1158032,21579
4318970,3316687,26554
3806965,3305792,29227
4138873,3684859,13772
6421918,1014546,14083
5040510,1532097,12286
199521,3191388,33932
7330626,2021306,44143
1071205,3337990,12996
4612546,2026082,18967
6170524,3595013,12129
3534630,520553,4259
6816606,44778,39914
1176479,3070660,33684
909098,3602169,20121
5545126,1726814,6460
4164218,1127236,24028
411086,1696545,43473
6794967,804092,20873
5991914,1978958,26221
4944717,1931170,32933
3009742,4105666,9045
1221834,2956578,38617
7345977,467111,31759
2641032,3411201,44915
5236156,597191,14076
692803,2152676,6415
6888362,2030096,42518
6991176,2693892,32044
5498486,573169,466
1359148,1582787,21967
6721453,4448614,21672
345532,3221962,13228
6447134,494126,36973
388761,4325248,23361
7289140,3181124,29135
671090,257859,19589
1178671,3647832,19262
6725205,2746137,11471
6656331,2345726,40109
5665754,121783,34244
6618122,1939411,3258
1289062,4411064,9609
4541970,2867585,38357
286004,4071310,34340
489986,3932541,4928
2884403,1801945,24784
1629521,2058403,16871
4786755,896756,22454
5820905,1696773,1555
837749,1131325,29772
1290367,4520883,2330
5761923,2709746,9447
6879539,2395806,16771
4845341,4263928,30564
1631711,3296075,3655
6244036,4371737,686
7618116,2291118,21417
2585161,2596238,5494
848767,3822131,3554
3770262,4147504,715
4239697,143522,29709
3193579,374395,908
712169,123422,38975
5313970,2064117,36134
2865742,1736071,30602
2346255,216712,44361
7460903,764440,31593
6894362,136741,36468
7083660,216491,37391
2290316,3563343,14539
5777633,1278188,31872
785284,3601605,34579
2281663,3373235,38723
1598973,4562150,35988
4477710,1206942,40062
69134,2549187,33543
1446577,3307354,22717
3147707,3786569,16565
3946504,3882378,27142
2549582,1156729,34610
6049622,3970647,17242
6499115,3732742,5360
4195080,1497145,31067
840416,983092,37663
5466221,1042169,32353
5019978,3422577,28757
1355953,107820,2144
7763100,4488487,4313
7455279,1771158,4107
929437,2902644,30403
6453591,2517287,44483
7481102,3319921,31235
4212906,3828088,10515
5600014,1136496,42843
5068642,3187387,17641
3630110,2012422,31580
1996545,3243454,34350
3717655,4346176,12507
6604274,3013858,391
319482,341202,21512
1849327,3739494,43294
549677,1439336,17762
7169840,4452159,1130
5693901,1257508,41356
5626832,1694629,11855
3244879,2581407,16036
5096332,929223,31232
6391299,2897426,22596
5306682,613822,30254
7320430,2116897,14742
7706636,1293284,34307
2109483,1924951,18634
455506,3511562,20951
5317182,3401438,20302
4022488,2506184,36802
7325574,3224959,7921
4331656,3909316,6692
6984200,3287596,6461
2186088,3016053,19214
6710115,3196706,12638
7726293,1666380,2053
7844624,3991640,38108
3532321,2118081,8733
733853,4178596,44115
5163620,435677,26215
141320,3532651,28569
6115766,3081657,18260
6041757,3415130,36281
6190233,2977799,16818
5857139,3158344,23313
3739629,259710,40142
3753023,527433,17292
4646974,198143,3403
7138988,354945,11246
3606625,2295625,5945
7743604,4384646,41979
4218835,3433151,2122
7541445,3372049,39856
1967405,250152,4178
6365966,4341687,7157
1691392,2665804,4309
6582656,3596234,33903
2959692,711383,31025
6052605,36983,20696
7631485,3345506,18486
6377251,1670223,21924
1855006,570669,12118
5897530,2977019,20167
340856,2959472,40314
5689085,3064371,31515
7213871,678731,1696
6914843,847201,18936
7610235,239977,25207
7734653,4136072,43681
3156058,4412137,39347
2176895,1483540,42607
7316073,557847,7802
1660133,2931195,15526
3491164,2237670,9318
6552637,3569619,40321
4944625,2480276,26531
3506944,1945235,25815
4429307,2367350,1885
1981003,298537,32875
7360005,1413833,35680
5051763,1439332,3004
2062244,3633689,21379
2408672,1493449,27385
6675879,3940993,32189
4201447,1386440,7724
4877299,1748432,18191
5509997,125678,20949
1164372,2812498,29402
231265,706093,8189
2663534,789750,34263
205702,3399071,25028
890388,3755736,23199
1235456,1441320,7717
988155,306623,24142
1670720,2904600,17119
800409,160578,38920
1236217,3091796,30689
870040,3913358,22793
4017794,3050886,29510
4340960,1218233,44060
70556,1484417,30890
767298,2741191,15353
6867535,676853,27779
2164805,3666358,21021
7347506,2390427,17620
5493815,3640944,23890
5337527,1669967,9906
4572706,1634139,32827
1043427,3326906,20408
2058036,4278790,36567
2865072,4134462,11796
4733187,3185622,40237
6196321,4396722,3386
5500962,2167456,412
6006243,2092871,19283
2448995,256983,16502
5188684,2695823,25185
6809430,371149,29391
396053,2577262,30240
874649,3166132,20599
1518905,382630,10335
3024959,694381,24000
2086251,1555861,37508
6888070,1552552,9893
69919,4352417,8884
5431049,4393597,4941
4460417,2372357,21011
2410975,1033354,41436
315403,2654406,8198
2256195,3794278,9164
224003,968112,24968
207156,2155648,16879
3914308,2588478,37133
561671,2081651,44234
3524055,3898378,17316
7463373,2784566,34837
5422305,2650178,14171
6938212,4295687,525
458030,2902705,17894
5539012,361604,7971
3919355,2491610,37824
996253,29283,36853
61762,839984,23958
1573428,4080684,22381
347326,3060326,39095
5992988,2434724,13266
2024954,2409035,36295
2917611,887105,15069
3265534,2840682,41160
6314195,2312038,16610
5443291,135034,2152
3667368,407119,33871
6946710,1181317,14100
1356432,1501286,6829
3874828,3455943,31734
1210388,815521,5656
5933390,1599789,30427
2366893,1185810,10594
1096338,1623021,17347
2169385,3123700,40138
3068174,427056,501
6016050,3444209,31782
5928877,1462940,28294
6991777,1230540,37627
4563533,2714340,3781
6291891,1368596,7918
634188,4089170,30896
1003556,603350,25196
2568395,2200803,1414
5212073,1386733,8648
6754319,4572406,24777
65789,337669,31524
85050,1618392,8570
1629348,3199165,23463
5352690,1170691,20044
1843511,3385148,29804
6428227,4022694,27221
1879333,3864103,3995
3773168,1752587,44117
7187233,194632,3697
4202853,3365515,4617
7090589,75834,24901
1719619,797541,4521
2746394,741235,24107
5912660,3089618,16163
3654357,1747096,15386
6128714,889047,42454
5042275,1843350,7160
4454086,4271057,2484
295727,2474550,36813
4780566,4192377,30123
722504,2834892,13692
3570623,1169136,10852
123472,410098,29802
2644149,4420670,31781
7200180,2900632,27937
3822438,560682,21702
6955495,67211,3525
2069334,1196920,21993
5884892,1581393,6760
6955715,143557,13093
6047389,1849518,24877
904276,198321,7829
306943,1267780,12464
3047896,4576006,23346
7271903,3848088,26942
4713635,2650947,25447
5515540,159265,14029
4410135,1310291,43442
2730853,1928429,3742
4059353,1174327,24941
5295287,2190372,37007
2494117,2871338,90
6236861,2936272,38081
4407896,4085479,23760
4588313,4305580,8990
280426,3017682,22989
3514458,3113321,39324
5798091,4392366,32674
2627278,351018,22190
821248,415033,31000
1007191,3148236,37575
1867621,2522617,1038
1916119,3336600,11933
1726598,3095263,23484
3908851,3631538,33962
1360388,1592175,16209
3839366,3416373,13196
290728,625975,15662
202213,3177346,42725
3058293,3630436,26791
3658255,3808451,30009
5258917,3084407,11990
4719413,3966788,15192
88388,3866448,18845
3926754,931053,28851
4307217,2280528,37088
2641467,2197952,23141
7627821,546424,1037
2957328,1556472,10032
5787781,3487634,30653
6507990,952885,5612
6008543,3502232,43480
2062627,3454289,27658
300272,2048034,36455
4417816,1105877,22258
816309,4332171,16939
4517340,755902,26432
1295527,2556454,25973
5060825,467369,4939
7856347,1961835,44725
2179609,1900665,19297
5785024,1543835,17906
3474237,3395496,26735
2310847,2991033,13413
955873,1249018,19180
1903240,1674898,30562
3584891,987144,26450
2247360,1319453,20550
4556958,2467781,20407
3984704,1314027,300
7448595,2721129,28727
6709051,2839453,14024
4743982,3626433,24732
3961981,831036,4603
5919255,903416,16206
5540833,1338559,903
2968048,2859328,36349
1515316,1291787,39323
4444839,4222138,37502
2902509,2444984,33311
1315860,969348,24526
4471182,101159,17611
7285850,396747,3916
7578114,1828013,11064
5874903,2052204,9482
1246960,3837377,41159
7279386,4006653,11332
6810873,915498,25507
4342160,320890,6213
4079031,1308470,3864
5656024,3214865,21010
5827614,2268417,9890
7400727,4574818,43532
3695919,3912639,14803
6021719,1827939,13865
5475320,3406118,28495
7437517,1369680,28322
3792465,3772104,43615
1698063,2468023,15474
2172086,3675501,11460
3426995,189119,2951
1262030,4106278,1329
3343070,4571559,36738
4176119,3290835,3034
5515058,3741748,41407
6830652,2338634,40585
1890085,1719490,43255
3083853,332082,7708
1996479,2145410,38217
7835848,477129,10706
5959030,4475771,16921
6802649,4056431,32189
2050781,669783,3100
7096649,4469791,28199
5649282,4525658,32119
4621959,1307897,2864
1676967,2291139,28598
2095467,4307728,33345
843402,94992,11112
7324884,2367904,14950
7842420,3336502,17194
4035262,771419,22417
7322682,2240847,18457
1371352,1477484,40868
4423348,4324799,39722
4057683,1872126,23817
2874164,1734747,17575
6579187,339907,19284
7894195,1968797,19876
68987,3599043,32919
1324311,4201083,5098
277799,3655520,36658
7219537,1857613,33581
3776145,300852,25030
7609758,4046582,4373
4059984,330252,24886
3757594,4197886,912
2565563,2615789,16141
1812717,3046212,37808
3908717,1469448,42454
1012128,506101,2298
5121196,1525530,21020
6506470,2840466,17515
7770383,1180260,29116
5050752,2185104,17845
7710952,1655150,41312
7310025,515259,1672
832914,1748237,12129
6665454,1202183,13058
7836318,1643325,16221
6504119,779468,43866
5940598,639349,42614
4685261,4555804,27517
6583902,3966558,39960
7788487,56561,13329
5321105,3598985,19759
1566723,1290105,44313
4310457,3749479,20436
7246401,4030932,1379
1828066,2109591,6969
695502,999884,6241
2301189,606109,20131
7353382,670703,42740
2667451,3479934,12223
6519937,1232881,650
1223203,3486103,22332
6394652,911760,22545
6476033,2175257,4258
5944335,1503299,20164
341803,4330705,33136
234000,3868981,21553
1390386,3857018,24498
6997950,1260708,27356
2172281,488431,19517
154770,951068,1386
1482645,1411838,17893
2858327,2114402,18087
3429242,3383345,22936
1170889,2998005,23733
6512738,3014809,3566
239908,3796638,21021
2892486,2442261,20374
2190857,3338330,19850
2628515,1311807,25209
4604130,376381,17709
2147590,4039687,24824
5795749,4460605,23616
4426120,4268439,40273
3035722,2190173,40481
7858654,2420556,22480
1011105,2841655,40544
1273154,2244496,26059
4048853,2754945,9204
4209137,55502,10946
1463832,2184723,27507
156417,50983,13072
2969308,1984476,3112
3798882,2650797,4946
4314666,2796614,32515
5749724,3337543,27099
4836721,1921950,22335
7496183,1293282,33830
2019316,3957181,34218
59212,617687,1218
4391776,3690279,17711
6742484,4289755,34206
5812563,1867387,27976
7432533,821894,17797
175547,238561,13258
1233657,1123979,17381
4878756,3005222,32935
2194861,3284357,16595
3501587,3804301,29178
4295437,2568910,38617
7582590,2378655,31744
133486,4119808,5016
4649300,4344949,7648
3954167,527875,21764
785234,1618625,27727
5508598,2213864,4367
785350,1684852,32872
3692306,2359197,11968
4195590,2006345,11267
6258929,2080573,36342
2641865,2278865,12423
1239314,2723185,31307
5147393,374040,14843
2010412,2494655,15725
5749157,1687945,41802
6640555,2049034,1421
2321524,3552046,42169
1094805,4527156,35946
6006024,3600003,21064
4000015,2398715,24491
4795026,3667867,34804
5879831,2412882,30319
3541300,4566161,40489
819750,1967939,35612
6675031,357863,10342
7118797,2766932,20265
4683690,1336539,29096
417610,133069,11945
4295406,2509817,15363
2858294,514156,4751
6845720,3695413,32032
534287,3456020,14637
787814,4126437,9832
7188246,3425196,31596
589895,2007733,28901
6555955,1593330,18424
5214865,4150155,33158
6164922,2189126,34773
6807262,1736419,12233
1256354,82757,37142
6518067,2063170,35264
5174077,3172348,28296
4219113,2072238,32064
2664375,2652313,22219
2179094,4237769,43231
1208195,1646177,8450
6340758,253967,9149
4449740,418238,17310
129338,3060249,37023
2478255,2928044,20959
4539999,4188242,2291
3557516,2811948,25034
2098070,868163,15139
5747694,707190,11850
1062884,4149365,39095
69276,3540127,15536
6760899,4142209,18423
6096894,3266459,9748
6830298,1898646,23178
3091250,1388081,37880
7229232,3509328,40640
2922982,2477606,2916
6879175,2212408,2671
3427853,2473537,31210
2617663,571645,16426
1228149,743258,36355
5971988,2426023,33783
7164196,899990,43435
4617830,598192,34809
1566392,858197,29601
6953299,2363614,14876
693830,666441,15355
6011620,2830304,40450
3440830,1245768,7859
1634258,2940651,8161
3642396,662906,32174
2063812,4327902,34533
5945503,1344834,23674
1170767,17846,19507
1291008,983555,7334
595020,75259,38648
5851668,1161256,26870
6577128,1723889,32242
139643,3486768,25375
5877910,2841082,1304
7861207,1217081,20416
5364069,2731810,14901
1796830,3821494,4672
6916594,2298224,21163
1727720,3693440,30003
2949618,4453152,3068
4430086,1198184,37701
5569420,1580221,37731
6728574,1218793,2998
3800184,2822483,16968
5176768,3808334,11887
997524,2659153,27246
3890957,322584,33221
5924345,3247273,37603
3309854,853956,20045
1278676,3463684,29103
5632574,2785854,14541
7467334,611590,44440
3632648,3099214,43494
41851,285937,1656
7329641,694069,17948
647692,3926224,39665
2772142,2023854,31561
6491940,3517661,39527
2437545,47063,24708
3570713,1228067,44453
4672858,549204,28733
2048820,542426,25315
3287028,768628,7517
4517209,704978,1751
6938908,1129662,25505
49123,1859327,40550
1297813,2133766,30931
7404601,626158,30181
3035166,3609150,34262
3713469,2851136,12123
3328855,2376728,34178
1772202,2944665,20698
6604997,2824550,8778
176276,810138,9498
3565002,1041820,3189
4048388,1127616,1307
7539237,2453050,5605
3753411,618240,21536
2197412,1816192,3050
185757,1762160,26397
5088865,3668067,6892
355321,1557693,25745
4945681,2046377,21264
480710,2430474,29823
7836521,1323921,16380
2695120,2778553,33773
4983189,3708766,35866
4198128,3699406,2027
6237011,3846946,38415
2916311,1738175,11627
4726793,3744442,5212
361421,3923559,41850
4066644,782182,44401
711051,175388,28678
7848201,1906350,17203
2239072,628207,30743
4055487,4339442,20256
923488,2093367,38993
166078,1962123,36835
687267,2130159,30028
7368666,335567,4303
158543,221190,31363
2010897,317879,4407
4215790,551359,5413
5581355,1275649,23003
7526298,4216478,43680
4216584,2935177,12767
2380704,3222088,36837
4971548,3065462,699
399601,669791,18015
6090589,3454979,17648
2629708,1836683,15093
2945930,4248761,7353
1637194,2439388,29725
7014573,1218084,17967
4003148,589829,41168
2107981,3016699,43006
4376937,2425087,23663
111904,757986,39822
224380,4143906,33584
3800145,3015304,6646
417002,945211,42884
2022424,3025373,22488
5928598,548510,19131
568580,3206538,33318
4298300,2770732,16298
7670338,1178217,35728
2465104,1323545,30937
7155788,4354506,34949
6209468,154054,21505
5182524,1118019,42022
4292730,2308227,36615
3694662,4249944,2975
4421296,1705501,20058
5073015,794402,40852
2328610,4399972,16783
111240,3317497,41186
5616609,1304090,23183
7611030,3195317,41964
1631224,844464,27139
4050440,2492980,17886
7319869,3336267,3001
6769890,3033199,7362
3211096,1283210,10895
482312,1183579,21145
7127683,1345719,43296
7527437,1830604,1854
1321559,300452,31984
5833532,2641995,39645
922750,2413947,42423
3105317,3414391,12649
4540395,2341537,24980
6586730,2837702,32684
4731202,182786,10061
338920,2187190,1074
823791,2468046,41890
2060190,4145253,24768
4915594,1677403,38586
3546259,2908186,6936
923837,3459022,3612
1044466,1780006,23593
1855082,1643257,10249
2892662,3280767,22410
314688,2284082,10213
5564088,2820631,5456
2277966,1980044,41374
5340909,1827451,15903
1149026,3204104,39559
44464,2585237,28206
6351768,533269,41355
7549484,2381762,18357
4497335,3338100,33563
1729145,2220084,42953
2812472,1450293,18823
4755329,1395892,4685
1184277,4155688,27517
596856,3080601,11615
5388205,171876,19574
5999133,4541453,21030
3029956,3363533,28361
2060547,1841501,15217
7310671,600392,16442
4776680,4150295,27329
162222,2365263,14592
5356673,1617270,7027
4605989,3685437,44492
1953159,3825924,26693
1047367,942660,21154
7892672,2331365,43353
1788689,1445722,21991
3816741,941188,14073
7805259,753154,4105
6085862,3801930,9485
7221803,2586193,42213
7265558,1475095,7068
5059920,2918268,19681
254605,2078146,6855
2781501,1464096,29435
7678437,2472539,38079
6694814,509941,7230
6968260,4425336,22939
1096100,2047453,10383
2723139,880758,17921
3927353,1621104,6529
4087810,1169392,29796
5169008,4208537,30877
3967180,2150566,35617
1271616,119691,7037
1021864,2280172,3495
1115257,1630928,22696
3617635,4068439,35493
7880185,4197805,37017
1648994,1887307,36682
4078440,1919336,31853
445942,228681,6409
1685576,4311063,31097
2630576,571127,271
5959412,4185956,8943
4942860,1748028,40129
4289476,2056615,18692
3476859,4230888,24417
2997324,1129436,6426
5638583,2188754,3116
7762697,2339951,7764
2387045,3033467,43537
4863303,3414765,2189
3616591,4128918,22977
3199912,990006,29101
2476758,4423386,22279
5400086,3754148,39826
4929961,1235200,30657
7307251,3257106,22096
2493228,2985990,16419
6830707,2643830,44981
7681632,550860,10571
4703530,2326477,8903
1100685,3898180,19162
4776230,3850203,27704
5796500,3662246,32795
1557666,2105528,30699
1198912,1766101,31556
4415283,3857082,21268
5153557,1710316,42845
2171901,907309,5665
6972143,3875207,6776
18271,2595619,43405
2570211,4236054,8713
764785,1164671,43752
7716297,2964466,20707
986345,3854091,22166
6765135,829808,34677
3266719,1302617,31011
32800,3295832,20164
310515,1572050,24348
1865159,429738,5420
5338975,996096,26259
1631466,2978408,24835
2122948,4241578,5056
5833302,2810753,25600
3426135,372101,44042
7784136,1794688,37560
1203982,60609,4621
6706655,3272928,35853
6928387,4253378,22157
2758079,1511813,44854
3032533,3749433,30392
3407205,2408297,43166
7640925,3720775,5053
4419072,2382141,15779
7541520,2391718,35040
2345966,1047996,27798
1173905,2622440,21369
6811723,2665225,19162
2761844,1027981,33026
6774094,2781558,12275
5462362,1038684,1879
1563027,1149253,26476
5538011,4319806,36215
2503655,1187626,4297
3276049,388436,28368
4527956,4122134,17834
5165291,2310706,28055
7255127,4218644,30837
5236597,1041062,27366
4016342,1504342,37975
1802186,4271121,11016
5761584,4573962,39404
7760516,960654,20015
2441884,181911,39068
5341470,3436497,18277
4657159,2794999,31715
5421569,2868368,32625
2439701,199792,11558
3808875,154909,29635
32801,2376712,43035
6898547,558539,17018
7816820,1701884,10528
963500,3318791,41096
800836,3037541,12662
854288,2063988,14736
5289060,2524228,14403
5873673,3856674,7347
490193,631834,10836
3510821,205615,22253
4129790,741709,35025
279197,4494958,25461
7416300,3648517,16791
4049425,675028,33384
3907254,711627,21887
2626111,3498417,21361
561633,3731112,11164
5434747,4246551,24010
5996700,3019557,44916
1149388,1663556,18188
3193644,1054120,27390
6126640,157142,27793
5043107,2373613,26373
3260236,2431355,13259
2859952,1368492,38276
2858584,1462308,25086
1941348,53195,9110
4433801,2012752,28185
4835579,573527,34387
6355402,3692262,29596
7740872,1654382,43564
4017202,298770,37284
5700608,1413432,4709
6315606,2141027,44509
754151,3814833,34877
388312,3546460,33550
243297,3087618,18844
7890319,2956334,13061
2028015,2613663,34693
6057261,3689861,23859
1917342,4412926,27705
4970981,567809,19508
6688907,2786919,29128
3348294,902823,493
6762919,4110605,19144
2299669,4268645,2251
2821288,1781627,5905
1220305,660743,24783
3322767,3564248,44072
7282092,4574715,12484
2792576,2548834,17851
1334919,2504256,9823
7482444,135026,11922
5408225,1756889,3012
6600877,1774804,18354
4342256,712990,43273
709228,4421931,33671
6907376,3487864,22138
5696560,2756004,39826
4922223,2318195,40173
6705819,1396783,17205
1079674,3628310,44485
3079198,1989034,38373
840883,3997113,43739
4896716,1129473,4604
6705613,4364039,8155
7190077,2478105,10282
584542,3118716,26154
3669841,2348485,43524
6046072,2291470,35582
7698289,248534,34312
725576,3833175,9425
527294,4462569,12925
7728013,2083534,11931
931349,4164778,8901
3501093,2428986,21994
954140,2331463,25288
5861736,960763,21343
613764,3357846,39052
3329092,3533946,39929
69618,4407358,26183
4145821,2507944,21045
5204160,1920508,26939
590560,4021821,13080
7715294,3994859,41372
1203316,86577,2203
3580916,2892155,2420
1192578,2275847,23688
4624162,382232,17122
7486157,3297129,16763
5856725,1819510,33867
3789751,451839,1362
6308859,372229,32633
999023,1749798,16502
3588358,943746,35771
665440,3698761,5619
5953350,887198,3342
843067,2395870,27274
5884682,946362,33014
3377407,4195611,28971
492694,2217589,39371
5047039,2710419,43247
867184,2068273,37508
1139812,2307054,40064
2989402,3224681,26598
4009895,4578251,15725
6937263,3563750,9281
1060224,325729,26123
2895691,267855,16842
3413982,3549404,30911
3529296,64943,38769
3796727,822740,33990
4902374,4339291,32785
481915,1360785,34172
3007010,2599191,16872
5831906,405176,39438
5191159,1913244,2147
6330,1090512,15524
103085,4334626,13057
3961636,2258563,43747
7479140,4434376,40057
2854600,4461101,9223
7818487,321008,4035
5597879,3133196,41630
1141626,2683635,34444
5667806,1086059,17709
103223,479461,16684
6538262,3136826,30636
279784,2001650,12044
7302807,139389,40062
5001755,2355093,37566
1187917,2861315,7430
2414255,3163418,490
3605751,3600339,34218
3234401,2587535,44874
4137394,2103482,29228
684094,301725,31350
1490742,1900424,34219
2105605,1326405,24496
1176364,3353512,44190
1866646,3331030,43163
3809941,4486736,34887
2647744,532905,33546
6902820,1723205,10860
2067939,3144287,29207
6533542,1891896,33727
727221,4057378,7798
6485935,3395363,8036
5723682,3697371,6610
2884839,291016,29185
2392342,2213919,2834
3628409,4107264,35412
397708,2655454,20252
4864491,2739150,30753
7683101,1903820,25170
5356588,4278647,22159
6481147,370664,22400
4091890,4014793,29660
5888060,3837964,39148
3565746,2467192,11601
2999603,8002,2896
3731890,151490,34489
1972484,2908857,4416
2355412,2497895,30179
3877012,4034585,3139
129674,1796178,33721
7649669,2576892,11515
5472555,2223062,29767
7082658,3040471,38723
6490119,4013437,38973
255730,2424255,38159
7171888,4388991,1812
211152,537384,84
4357849,3966972,23684
2056078,3210956,33423
4271799,2210194,10552
107265,2696915,37300
5569023,2145215,13307
7812967,353533,29865
956672,4169932,7482
809322,2786967,2653
1256494,2271005,20651
3223603,3679267,36854
7456415,675689,21876
4946153,184007,44633
4165342,4043686,33886
3709596,1652009,3450
4652902,3849040,43510
6861444,4043016,38904
7732014,957922,23378
3729872,1263780,37890
6509917,3625452,6414
295529,2205789,22916
3582738,4110420,5665
4393477,1193461,15571
7130275,205498,6951
2261784,2978870,2717
5590389,3347231,26412
5822101,4104239,2192
3220773,318638,40170
1280518,997720,4923
7130844,1766895,34325
6396556,1383017,15993
2774739,456856,24037
6984208,650637,17693
6990395,2343355,28538
7644234,1207705,16807
2356943,2543185,11494
5716701,3646072,37805
4329772,1277210,6880
5328223,3481748,37953
2992451,2925603,9295
2180571,1157117,9272
4221761,3723024,20344
4423947,721794,26539
3903749,2759898,5215
6144113,1902041,23132
4306950,2418336,35424
2068221,3678468,2914
4287555,3291149,31203
244855,3372316,35363
7531504,986499,5322
461696,3307764,1487
7427461,4023368,20223
414613,2974650,15928
3947093,3324837,20147
4885064,3743811,27860
3265092,2030791,29396
6180188,1247154,25854
4949229,3892746,8827
1700697,3650584,26453
155425,846358,33677
5132797,3966926,33230
632902,640170,36695
7635582,782709,20427
3826063,1651010,3409
560903,1707241,15105
2062109,1813985,11419
2033568,3959375,42079
5128533,1401807,2034
5374541,3163322,11386
448608,2886925,10617
7180402,3462473,38679
3180311,1451668,12867
6313405,2584707,29049
1272294,488181,12185
5008505,3649941,3670
3659187,1870904,36778
6289192,2125285,28429
1888621,4196898,14689
7096477,3971062,29842
1746219,4467789,16266
540973,2139126,38314
6029668,3847686,43467
2106217,3876664,31262
6687337,1383937,44780
7063973,3840166,2451
2615784,705184,36969
1138057,3469756,25700
450105,889975,30132
103543,1043338,22427
4870916,2936729,23602
5341566,2212416,28659
4417568,3238850,40996
7456222,1259569,28349
7282605,2942666,28266
1865385,1006368,43207
6311963,2255239,37210
6279003,3788196,16968
5481212,2031038,28747
6372872,4449620,11118
6948297,4480031,11745
4760713,4331455,28721
4735456,887607,19251
173578,1399785,32577
1913878,1137041,23333
6443985,1718569,34435
3681196,134393,12491
1170697,3652068,42024
3736951,86967,4699
7714474,1047824,12367
6512237,580071,41399
5097926,271024,23610
6581895,2290550,32133
4925852,4544679,17464
106981,1635596,41540
5371017,3223858,17706
4801220,83575,35851
3711657,3308669,44599
3396585,418937,23947
7407197,1129999,15223
1142377,3588410,40128
2401866,3757353,26746
7733011,3799209,37624
3213794,3266643,39065
552620,1212614,7180
7753894,2415322,16282
4157643,3820892,29197
4747852,1225103,32454
6589299,783913,40312
6309691,2210340,18215
452078,1943202,19191
6275004,1010140,35710
3187499,3553925,26416
3311261,3136334,18911
1048830,3285167,33063
401322,3264451,18786
4212825,3608505,15987
959804,879618,4704
6030362,1575226,20846
1786918,4481077,20714
7413878,821664,27333
4871602,2957499,24031
1301625,1780124,26430
1676941,332054,19757
3155847,1097390,29001
4544133,3675444,24161
4135999,1828208,15279
4201554,2527933,26556
7265423,3032909,20521
5833269,2672253,25988
5568454,3415425,19613
2664495,2749726,15075
3195305,1963552,32259
745397,763691,22956
5297419,500319,40192
427751,4255216,30777
779934,2441375,17263
309560,3648537,20421
6129085,3371240,32656
4705375,3219648,25640
4620058,752624,20054
3353422,3126208,34183
4354151,185747,9140
2801452,1893037,11409
7321776,3406310,8073
5954971,4504122,26436
1894645,230828,27824
4503141,743290,18045
6475298,394106,40495
7669620,3527372,1284
5305666,1858981,9804
1805451,1690075,166
1214595,2283359,25139
6388712,3660081,19367
1383192,419993,20471
3856979,4001623,33458
3946351,182282,5623
7140767,1454080,35567
1794889,4526337,44161
3732902,1274640,21140
3190310,3193911,689
7106086,1092732,17110
2374448,2138713,19636
6328100,1942567,42831
6404402,2578254,19343
6704720,2845488,27429
4166520,1147787,37822
2661749,523846,17228
5211066,3751831,36104
7168637,363692,30308
5271468,1210324,12821
4181493,1885461,44135
3505596,49584,32240
5355181,3628296,16079
3386157,2555475,2827
4843900,90053,6492
122291,1707247,9209
4271330,2359432,42818
7649706,2601298,37115
7886452,149636,29218
6497630,3317448,34833
2673829,1312963,28018
4154928,3195014,9248
6206203,3075744,4955
1589265,1567575,28774
6992358,2408558,16467
377937,4059309,34061
151815,1815551,31210
2868012,2744497,22008
7296837,2565720,35746
4774984,88846,14514
6192621,1226939,13258
7127304,3078268,30306
6845271,4409326,25898
6161315,181424,26599
5875447,543396,40812
7873526,974040,31044
5315955,833877,38007
3127428,1401195,28652
5910449,3162300,25945
260146,1291723,9281
5434452,3101422,36873
505751,4076070,43496
4394405,661520,34914
328696,4529868,21194
2555892,2199939,14029
7232117,4036137,23217
6568541,3355046,30518
1073049,3002506,28511
5658275,4292260,41686
521648,4564168,27451
445211,4568327,38847
4647130,4093169,37181
38803,3601935,16784
1273173,1065401,4161
1410291,1235732,7829
144993,464867,8024
3878731,4046567,22612
1079181,1833491,32819
5066794,62506,35512
1361697,3144837,16364
2320285,218443,17120
5378402,351821,19314
5810656,2426762,29211
3110094,3664922,40944
4332042,171733,15482
269102,1328098,8579
2142525,4495526,3838
7466872,3772475,20869
1048663,3381702,29669
3097145,4270573,9043
5173679,4265521,43656
4415108,2055529,2167
5912310,1949970,8062
4558127,4510264,41602
7376543,2977856,33670
1096076,2664985,40031
3337914,4099168,30350
1242085,3019045,1420
7070182,2942414,25386
4206563,2773114,29021
7732764,3109765,43135
2976793,2144943,39352
1255448,2396178,44602
3040619,3887126,764
6178542,4444184,38218
6915750,102844,1411
2537937,459748,7608
3004585,4168074,497
271867,2537592,43407
2052046,1236385,10323
4213511,1909032,2348
6773832,1495044,1544
4403460,485461,43579
7667371,226303,9330
4588649,468823,11452
6337646,2006811,12490
928690,3259808,23152
3228267,3044418,32184
6302427,2525330,21029
2894599,3389744,37999
1605912,3671595,41436
2611999,347087,34386
3604071,3997235,34524
4381546,3531635,38118
6815766,3839460,27622
3257791,1526309,7186
6913931,2348677,17979
7343423,676781,22635
6733171,4095485,25983
1216548,1695462,20422
7321132,4169228,27721
5294889,3966487,33317
1066810,1837013,589
3860039,4215379,29426
4184456,863649,34734
7579450,12278,44164
3733063,2020225,5569
7737604,4246984,8938
7226598,1887358,5908
4318443,3711113,23454
927058,249374,9827
4674585,3284945,19069
927488,2621942,1895
2868021,2774127,38023
4390731,1320410,19111
46572,952308,12965
1722962,4275918,41600
749880,77125,14130
3466682,2050392,7798
7737887,2759717,36241
711885,691366,13640
7620637,2904379,16477
7873876,1492150,40731
6692370,4238855,25961
2930581,3542104,29844
2532129,816754,37310
5410688,2931838,41822
7104836,3245686,6593
5251432,933670,13149
682111,4528633,27298
1368598,90055,29279
391695,3404581,31842
5333221,4443202,34010
2926062,682223,37986
3733983,317532,37353
431333,2187828,8559
5381713,4150572,21327
7709189,2828638,2569
1793356,3287188,17130
2189418,1821440,16998
4751188,1707760,5709
969888,3943840,24976
3097957,5357,28222
2585640,537981,34986
2255905,180225,3179
1259687,2511329,44212
3186378,2643278,10816
2301813,1567235,34219
6761102,4148482,42073
3165504,3157490,31583
1361317,652508,36895
6088572,421286,31811
865967,3745429,21484
7242694,879820,43112
563823,1010322,30942
2262780,873516,6261
144108,1667344,26223
6331899,603059,34190
3769914,3821869,19306
7037857,1176248,43049
4321350,4550100,34910
5299193,1409701,44698
750383,201380,11226
2258492,1048912,15108
235705,1639209,28302
7379997,959530,18731
5483703,868990,44935
3006892,277895,13393
1917301,3518791,628
1809525,1040245,2038
5304179,3980725,3033
7416748,3561739,19070
728114,3338149,33079
1441695,57240,3709
4114886,4348837,2145
3732528,2324456,39977
4130602,1087358,7521
6739907,1286094,21685
3614730,2347169,12775
4725154,2662944,10118
1182023,3010912,28222
413983,1810980,36523
5245119,939148,35110
395743,3955270,36372
1090108,3436819,7911
5355332,4537795,12287
2550075,3362739,3197
5555621,766446,8153
2449752,4053706,17549
3830262,3018348,44909
1239574,2484935,41089
6631961,2916424,26905
1037750,1303267,37966
5180054,1133237,3090
272378,268931,26852
1793941,1419201,28372
6614368,160195,35988
1627571,3843938,2380
7471671,1409747,11596
3353414,3375260,25189
5682034,691363,39364
476943,3330082,44400
3948926,2376909,28052
3757277,3250825,28772
6865096,3264460,42251
3408831,2282467,44704
7355739,782983,7263
7619603,1895749,40457
4722363,2650559,5174
3441977,2912342,23488
5698976,1741212,30573
219376,2773302,42296
2302538,3357923,2435
1780522,561202,41128
2848118,1196377,9474
3659790,1890173,23789
3054606,2454701,17429
7221280,944651,18688
2398347,997469,41060
2981635,33477,15993
5600013,1448745,13616
1140461,118597,39443
5356677,2035194,42761
5322306,3085314,33876
6042908,2369119,1433
4118564,1852746,37808
6148585,3263554,31084
3990215,3768938,20567
6186118,3506835,22511
2221264,3008214,6948
2219535,3936600,25760
5617247,1063546,35048
4281170,486174,28845
91428,4158359,29510
2638705,2368368,1410
2888352,2000189,8824
3828415,1622260,11644
1738861,702329,17100
395416,1985985,30404
4606018,1201459,17929
4415531,4185670,39079
4006500,373104,39024
1070691,4509302,9151
2385336,593445,37597
2457448,4004661,413
1113819,1163600,24156
6772776,3034853,15217
6387905,4531309,12568
1047478,1348082,7370
4300498,4142109,40898
5198282,3537798,33667
2912367,1796011,4222
2068354,2766768,22496
36912,4343487,39186
5752873,3642355,26987
498690,1839322,12322
7356326,4356551,9060
2014964,933163,14325
4956979,4332486,27033
6855111,4544866,32895
640323,2762881,9561
7753146,3762898,28154
36726,1575888,13085
1343519,4261970,2853
6404514,3973109,36189
6518789,4212364,19412
4986340,1967052,23092
1479162,3698803,9688
7273451,2087934,19401
4626999,3911130,23043
5710371,2776157,8637
393387,1731579,14012
1074686,2339434,44555
2770984,208475,16566
939996,1161909,18965
2987574,421979,37734
1322866,4300556,23433
3586031,278299,21336
1400269,4515255,39203
2114974,2800236,33019
6400271,3562012,38502
5272780,1653081,20834
5069409,1703063,11705
276956,2320242,42588
6286482,442954,3458
5355615,2072209,35541
7389469,4411690,12547
2761976,3234940,21342
1178673,474260,21368
605445,770523,25594
5245298,3881155,18146
4424464,1661624,12034
4736685,2479324,23741
3967948,3510163,5801
1829038,3232836,10046
4222068,75091,5402
3690934,3409748,4869
2525095,3733369,39494
3222706,3765248,617
7155811,1467798,16909
476962,239216,44633
216511,1373958,26272
2048126,2790555,41626
1844600,2908449,5752
1235622,631925,11603
6736432,3000666,25017
340549,3620365,26048
1528275,1786473,21685
4591690,4491254,34329
1325726,1359826,36308
6866122,937209,4523
1866940,3851710,7688
4226942,1810291,36714
1370794,139588,22379
7736671,541251,28002
3045642,795742,14954
7333744,1424752,12537
4397987,1521611,30920
1600152,3942011,10344
4600563,3078362,1230
503321,1252965,1345
4995666,1101436,1494
842549,3198467,6386
2128241,4242929,7867
4413512,1776144,30201
7381429,4291682,11403
6431033,2683604,23150
5201936,2822602,26036
5749014,1793185,39688
6161942,4008241,31998
1556123,2364814,43574
3496850,3186561,3031
4190486,1648067,35772
1575361,709626,29508
7310726,3911625,21589
5513168,1751075,19416
4016177,296362,41438
1791341,1573598,41670
1206699,210982,35567
5654042,833954,37369
1643265,525939,1922
4105513,4159022,20019
4016226,2008245,43402
6968015,4215252,15933
4428000,3228350,40736
7542133,1907969,37458
2129239,654037,42322
3776067,1290305,1008
5102969,759202,12336
1730600,3572499,31913
864011,3724107,3365
1148113,2973716,6925
3700928,1180269,34466
5089307,442291,19283
2492535,4507855,10807
4599964,441073,15327
2291462,4301355,10384
264355,3651411,23239
5189756,3741869,42150
5086950,3559469,18351
3165663,1404577,44339
1910638,489322,2293
3990322,1388318,44999
2037009,2075443,40976
5169763,3841760,12707
1059394,3592164,39492
2888650,1136497,22264
1110243,227505,28266
3827212,2831249,39668
5581052,3749011,32226
1177411,3811866,38705
11131,309181,27963
6261404,3060369,22842
6309514,1577712,327
6108446,2730277,1045
1710220,2047001,44170
285575,3925000,29290
4261556,2078428,18653
7185724,161537,31133
858349,2428351,16898
3847021,1340106,3643
3541334,801339,323
5176911,2609550,8230
6995536,17021,31575
279940,2633166,15890
6491736,1332992,27968
6147629,3823732,26404
1110544,923333,11711
2542122,3848612,38688
3729115,223407,7097
4803639,1332501,44723
3056926,1158566,42616
4303528,1914506,40288
2445324,868277,3537
2241735,713504,19239
42511,3840188,28310
4647820,889918,32117
2462830,4519777,19853
1070576,1335072,29629
5074513,3959605,43389
3261214,362487,5256
6631548,3336512,28754
734298,1854444,14420
7823394,3775399,38134
3094286,3227082,31423
5816792,4256612,24512
5056131,3759104,40437
547344,1846000,25225
7595032,1263069,5452
331021,595361,35112
2070494,4055486,19932
6784576,3324829,11146
547576,1936462,43851
1773186,1566651,2553
7096298,442176,7453
5164928,3822473,16421
4754347,500671,848
1838986,4159454,14113
5135534,481370,32300
4082996,2961795,2679
7891757,2673940,19802
4782273,2124379,27093
1421354,96433,6243
5233501,2165776,19517
4474287,369542,540
92591,2256303,26630
914134,20832,31820
2727636,4318765,2435
7470905,3786372,36079
7091404,3314751,9921
6988467,3047493,24010
1006594,553282,24313
1940155,3594212,36781
4988468,885870,9545
3434056,449852,17788
7022372,3383790,37426
1184829,1437998,24525
4050790,4159364,19857
6488730,2896082,12116
3909088,3915317,803
2314752,2949378,36084
6846847,1279813,12199
1723012,1618838,3224
4968412,3007497,20572
6343988,2614475,11845
7675438,4244256,14102
1067783,266479,37616
4988475,4036624,18317
6544795,1741701,34944
4034321,3823257,20757
1508363,363144,20550
1427370,1145397,29098
4766429,2345029,37169
2142749,2515795,43979
1726801,2369703,31270
2412063,2451211,38632
1545721,3738900,19285
6142133,830867,34258
6741004,4261783,15255
4043466,687807,39713
3912119,3576822,31402
4209857,2250891,43927
3815546,3380584,38888
2165309,1149777,16270
3508967,440705,26160
4454530,550305,40026
4388495,4347759,18456
1373878,3225711,5814
1653230,732769,42479
6504308,434745,21040
4531955,2969951,19887
3075430,1442908,32326
3356699,4231480,25838
1973957,4213689,26612
805836,3139232,43331
1569520,3459607,4939
6445237,2809613,35597
4306082,1974233,38928
4100894,654677,15332
1052083,2955307,20291
5110388,4095818,11452
1486108,2866128,39659
3317587,1686854,17804
742273,4080657,19823
7261177,980335,27846
3393902,4577857,12774
5925016,4546034,33996
3860382,753682,13447
5345112,3865886,10699
5675121,3568489,1375
2033690,2557605,14383
6496878,2451387,43348
4201451,2569724,36793
3163120,858600,7011
6095185,4556889,20173
2918098,4508896,20087
3449598,2218983,21082
5347206,2179727,2695
2951172,2681327,12583
2422769,3891912,6390
3849944,3050188,29306
4999735,1918656,6962
7044803,4478401,19684
6071357,1122222,40280
3044663,481622,20599
1417247,2067078,35734
7192310,2627937,5458
6999017,3229344,20183
1013647,690011,30089
1633734,2266599,3503
7797050,39246,41169
1375174,485099,18937
3789828,578420,13021
4104390,173643,23706
4919733,3357418,31888
124720,92494,2626
6269829,3420981,30354
1717534,1075512,29669
1328156,440736,26615
5780214,1100816,5442
3680750,4382639,27879
4231059,1492560,20774
2565735,4109094,27600
4854483,1626582,19034
7141316,2513676,21862
4671025,240056,18436
5122389,2806298,10665
794205,1018685,3447
662013,2331726,39471
5462149,269895,39111
5122973,1965158,25492
2807137,699882,15866
6175782,2549058,465
6582210,3362654,43914
4322458,1659616,7490
4908348,3841226,29832
6787509,2940056,3378
7626227,458959,27039
7576700,1310731,29736
3509316,915768,38897
1718950,4087363,5131
6517262,4085858,2732
4961860,1424585,22329
3466249,33237,8292
5798175,1352626,11130
911082,2632312,25095
2639180,3440317,21740
6206582,56720,25529
4963349,1858506,5920
3857617,2498902,1701
3332898,519435,14842
5243704,1778353,537
3249425,411838,15967
3148576,2868012,41197
7564692,427379,6618
181490,2002207,3221
4067,4435363,6734
143955,1546174,44966
4791986,1100418,27468
5226459,2971647,21625
3192663,1121676,11942
107093,4004530,32697
4993835,111228,43704
7589456,3535834,32242
4709359,1615904,35848
7336912,3610479,15093
4955563,982888,34765
5078304,3173471,24864
7128359,1425793,44922
6232789,1239492,39159
329813,2625754,11368
6988560,2043503,41506
6866235,1908808,32299
4180900,183718,30573
5515750,2296061,38139
3646159,3138938,20480
3825380,2365811,30504
3363470,1522332,34985
7771688,2810639,5887
4500720,2235633,32754
6317013,1431222,13559
5234682,3418501,4719
4666223,2281116,2630
2518324,2886307,10436
2398764,2972240,20844
2314396,1344287,7606
6799567,2619174,37081
6439360,720394,21908
4503725,1143184,24864
5589486,2229206,40377
4194722,2382770,33970
7335655,1300420,39665
7122249,975762,37202
7546363,2643576,36067
3729379,788878,34208
3072579,2493624,14324
2800440,3375489,41793
3391435,1532456,10561
3582386,1351707,5375
1134395,3223205,31610
113790,3769301,16806
349444,2827421,21581
2037794,367065,2995
1630835,4459639,13657
3726944,4168055,19486
2288643,4181733,27698
5777458,3748890,40766
1494755,2410805,40704
4913632,1820182,31731
2759097,1555545,10955
6676434,1491741,19312
6558754,2114977,20857
4794047,728387,31477
7894144,1340613,18941
3565062,2240791,40543
501607,1198413,2582
39291,3011617,32851
5121266,86674,20006
1782816,3295555,12816
7398994,1602168,9226
7099915,2030585,18440
28109,1208885,14166
1259973,4510466,5073
3338445,1311145,27160
3234270,3338832,32462
5506418,1221815,37461
3745376,3678113,44482
2673101,4277471,25669
4588368,397575,23429
1132625,1565774,2969
1268440,1961501,22874
901397,1324152,43712
6000643,2584891,6416
6004160,1155894,25877
2438434,1574273,8533
6588089,475999,30304
4559479,1755794,11378
6720884,3831201,15318
6508284,1424354,9996
5775395,1522109,40648
681222,3520931,12165
2324511,126751,18231
6385410,4197519,28794
5207128,1933697,40012
3235601,3296541,40402
2658650,3420202,2064
3573438,3585544,7614
4445189,1181527,17160
6568646,717508,3593
1069249,1741766,21359
6190685,3813240,31968
3692361,1166122,5079
2029549,4208872,3459
1176879,3182357,2965
3546028,4210744,14630
1130077,730222,38994
7329939,3610108,13063
7761252,3997767,16631
1780435,3053638,3522
754670,1720072,30824
3641584,2202371,33485
7464207,969093,41792
2416113,3131556,34102
3988460,38134,12946
3236988,3265642,33507
6344227,4245893,19500
2139959,3727191,34562
7538759,3787854,8328
2980112,2316692,7444
7205109,3570297,42896
1165845,180415,23855
6429758,2500512,94
754908,467176,21067
1547233,1663924,14056
2559130,935364,25902
1094695,4557997,2133
7384141,4013120,25199
1972071,4442546,6871
1609287,467807,25354
7693534,419198,30069
7020006,1426473,26337
1245295,3660429,37673
2210063,2450806,31380
659873,573037,43184
814819,4411585,40259
3641381,504481,14993
6174045,1147921,44248
1275008,1307572,19027
1090370,3671848,916
5582264,4084293,3578
7865906,3281926,10315
3606915,2829080,30372
6680552,2831524,13292
3489912,2078495,28811
3845543,2685269,1656
6165880,628847,26600
5081880,2199293,36268
1574111,1473159,29667
7761523,2177723,19780
432233,2012651,34931
4948881,543909,19809
4201685,3967498,42222
4462506,2072091,6384
2642515,215577,32867
6412852,1991595,29412
5436294,1573815,27299
6095517,4054439,38796
5392888,2613295,36073
1737998,415390,22435
5493773,4397783,15735
1251134,4015569,30247
4359287,4093037,26852
3977354,3401663,33155
2563129,294155,1894
7582043,1125749,31556
2437775,4387076,8359
2672412,1532429,26276
1428205,1259042,12915
6806492,646914,27388
6789996,2509467,21363
661851,2990126,22471
4786062,3341998,22092
6221058,1132247,17083
2617386,1968865,22461
1261847,4151403,12577
439258,2779019,14881
3938423,4106932,15573
7615713,156712,3336
1880172,3433347,28161
6392144,2388147,7990
1780132,285137,36652
6275708,3847762,15553
7581824,1856541,32590
343354,1135120,39669
1226173,3319658,30939
5037312,1239939,31244
3482204,988898,43564
7786218,1967522,5122
2321963,3158730,7970
4005837,1049872,31216
2547586,793255,30106
5781847,4388310,15271
6922561,4476699,30026
992051,814102,34982
7058413,226171,1524
2883321,1228538,37684
3368498,3653257,633
2348145,3818718,14206
7323606,2009494,38644
7852767,3529910,8663
7076261,4234208,38006
3038190,3933932,15014
689309,2988715,18165
1977377,1977835,20539
2235762,4495253,11254
3264942,1365170,8942
4623486,236803,28581
3619478,1672600,40317
7102417,3335954,33031
4976132,2091445,24352
7159470,4297624,40024
678513,4112924,14270
2964043,1239453,14456
6421127,1579742,25942
2217143,2549924,19908
4689409,3205518,2148
2065537,1299134,44748
2349027,1159394,17845
1026921,3303618,15903
5696927,2315819,40060
461358,2008481,34350
5421532,4269472,31824
6699467,329491,7640
1216302,4489695,26926
6892728,1992248,11811
1342057,179759,39957
227893,3448486,5358
5524779,1171071,44422
6079104,885084,3001
467388,4355080,5765
842539,1685590,40889
7648482,703177,8076
7557346,4001513,17278
6490289,3229661,40243
3515182,1005610,43825
1029205,260437,42658
1035748,2975502,39453
3224563,2373814,19961
443436,3183120,25697
1467975,601828,19241
3242091,2091042,35461
906933,3536647,33415
7370084,2976177,10768
2088682,858582,22782
3075670,2367612,12649
2363841,3364686,28706
4561548,347275,1679
3550996,2618027,8138
6057818,2589404,19244
7690279,3225961,8440
2798907,2243966,11844
2519303,4381791,35211
400084,4203926,2843
6973363,4399712,9900
5873051,953392,11446
7532080,1711507,12675
1466264,4407772,4523
4243616,3285215,27079
4562738,2669181,42616
4897790,1196053,2776
7703528,1186448,15564
6564663,1631308,35209
6603603,3039379,8789
5265651,2893589,22639
892776,3464201,35492
3163948,2302828,29050
4626315,1148331,39560
3048936,3644626,30588
581587,17898,5384
6520462,2393201,35849
4786590,4064235,25371
5622054,3753294,30607
2410961,3606677,44870
4546862,3309677,8108
2049325,3798510,3291
7717684,534630,27845
1795286,1302877,26071
6077827,2858543,33908
5332786,3840646,13629
7267756,2879030,17955
4670626,493123,3530
7769154,3716435,14375
690877,1054413,19574
3724058,2459793,32971
381357,4071117,37949
2016129,3052046,34622
955059,2524329,32733
575129,377504,35279
4939282,2763882,16906
4589740,1368700,22865
2423439,1045916,2910
997704,2055309,9380
3296400,837272,7616
5585439,4290683,25889
7164620,1439096,34810
2279141,3584544,31737
6515744,623059,31063
3482956,2358458,35300
4852387,511002,26554
4536999,1329555,17785
165531,931492,7144
4532223,676186,30000
6940566,1925823,7195
311065,1091844,10138
4511807,1454598,34116
4670543,2810605,29168
7456956,3136179,10412
1712693,1280049,10090
3281089,1906048,6920
422257,1929308,28109
1100671,4571943,4770
2224640,1092368,10046
7781789,1419493,16442
7296933,1990021,24237
3834253,1381339,19692
6548873,4092229,23674
5147729,1510474,35210
4858330,1122779,11725
7805305,891315,28919
5015491,2439961,25864
356385,2501063,1299
4964159,3621035,18827
7801575,1058838,23622
3377726,11743,2891
2050430,462443,19245
3872971,2034591,38866
5824469,468712,12353
4150254,1167963,11116
2727150,3026869,22562
3752708,3989,9499
5229907,4486403,19690
6864850,3215093,22173
328813,3668625,3531
4250656,3335793,36061
3718693,553670,33468
286037,1308741,41883
126031,4057080,42206
773710,3821285,41723
825966,3417755,25539
1967724,1129258,36066
7191432,843319,5977
563806,3204094,16330
2222358,64161,27930
2588765,2416082,36351
4354216,3654338,19786
6563239,3033076,30669
7640130,787568,41008
5621039,3141882,3909
886752,3323089,8071
3102545,1363294,2678
647363,1250362,37504
5180881,2445350,9490
3835323,2460025,9771
3691209,4421041,36386
6506212,4427590,34050
1097359,3948925,24469
3916605,2645370,15973
7776287,1549521,20720
6944764,1056952,15622
7384973,210801,14885
5811318,2196849,13008
6201629,646230,7096
1584026,818469,28277
3801616,3787709,1150
3509934,1801343,8945
3287050,27831,34412
5251380,2426642,21736
4461566,2504469,35047
3052107,3142040,35732
940302,1428239,39614
6948545,2161195,29830
5449862,4124949,11199
3724923,3224596,32217
1287163,777619,12150
7806002,2265455,44948
1945859,4522065,21657
5350214,1290136,18681
4322811,4372471,35283
141464,233090,33788
5046313,2703850,17917
1087989,2374893,3737
1576048,3751728,31522
134662,1542993,38298
7765474,254261,8671
4777916,4411907,17804
4739089,891699,729
7645401,3178877,29241
874194,2831683,23543
2041906,4461501,11656
6882646,1507817,9452
7706714,2277347,36823
5406171,677792,28806
5690922,2563001,443
3680001,4083608,13284
5525848,20598,29741
3918052,3814646,36213
3178729,2140296,43618
4550672,11169,38545
3289288,1609055,16359
4278594,3952657,8259
2658324,310219,4376
4172952,126356,26828
5078663,3388192,10066
5084538,1613637,37798
393170,2222781,26134
6497194,6127,17600
5741742,499831,30604
5657110,1566967,35352
3370355,3688607,26420
2295823,1326233,8616
512981,3124253,39395
1559172,2986180,39888
5342287,4063542,2671
6775074,2652898,19753
1638934,758301,14154
1684618,3363577,27694
7716921,3715187,44949
4333328,3544934,4656
2856422,376072,10153
2223990,4243599,30141
2743344,440839,35443
962989,2591707,29919
4107707,716792,8166
7256280,1586969,15693
242766,2820343,13479
6560275,4156740,7266
1189216,2197164,18291
1870722,1501686,32640
1630040,3660415,7776
6618610,4529582,31787
4403717,3250945,12809
2215256,1136096,34092
1964231,4135138,23245
887532,361777,28116
6467335,3628451,2387
1388816,1912195,28902
2531533,1198861,41230
1370554,2278142,9331
2231589,3960215,30269
2440855,2737775,24668
4551540,1029467,20056
3446972,3056789,16551
6790887,108903,29330
7015148,840395,8213
4081214,2990893,23474
1287074,2107970,27602
4697135,2124226,12744
135635,4322078,35051
5295769,1658096,35103
1702478,4440753,43168
1928221,2058949,14609
6588042,3452031,36456
7543462,1907056,44019
5238982,4433359,30881
2765293,1877184,26321
3891103,2258567,41924
3511676,1118876,34836
6516866,483658,44180
4011114,2787444,21953
7371124,3275266,42074
5485821,667568,11456
655183,2713510,20296
4520748,1804410,11817
7076037,1666688,39276
4573395,3478555,12729
4413291,2044752,19239
2600495,1753749,24409
5350467,2521426,40239
5454573,2718500,20963
6465441,3335672,25755
5523880,4381100,37432
4705854,789332,12241
7409058,8116,1278
1315402,2279736,31877
3760356,1780998,2845
3635128,4365311,3736
219564,377807,6697
2390116,4198846,18680
629200,3972193,35826
3788129,582279,32784
2125976,842614,3601
1936338,4180274,26014
3159895,1067618,27687
3337920,188681,32880
3349243,4352901,25377
5682032,3323064,44024
1099107,204634,24438
2574775,1604731,25819
1328607,4003794,38776
5879123,2054016,6156
2419125,2173524,42897
1021202,1320072,42968
5079739,2901162,14922
6403359,503230,6187
2540343,293951,30720
3521322,3689715,22409
5188601,1041291,23067
3092026,1280352,36294
349609,2704082,28312
5017225,4129838,24990
2698859,1524475,44715
2724402,1703609,17550
7691485,1871346,4473
6515274,788886,3250
4501097,1402352,36612
28389,1490995,6930
4562855,3105371,41343
2931504,3527063,24616
5753302,3123110,7829
2589040,3135098,39582
6849589,4289093,10029
4607700,4372301,5955
52781,3350324,5706
5668443,3115969,39446
3853370,2216852,40424
1817813,2049138,539
4060081,3465388,2771
230866,3685313,28663
6362265,72548,18700
2344800,2685302,26327
171227,3361553,38049
3953962,4107553,16783
7347851,2691358,7346
3785629,577764,36573
6433190,2464618,40925
4520003,3739899,32652
5795951,3412808,43342
6550953,486173,17523
3698443,747812,17730
1595601,4232072,8214
1741257,3261300,34587
4023201,2299380,32448
6607013,1270086,10849
430177,4290092,39563
5336102,2318083,41804
3779453,3778328,3169
4064426,639161,17485
4414533,3813753,39914
4411934,799175,17155
4879402,1507253,10313
2194892,2484956,41434
6276966,384871,39165
4812406,3053678,8317
6348025,3752808,1222
5482600,1913183,41975
5371565,408217,13261
5414587,2677552,25742
6921512,252397,44222
5223276,1847086,2805
274887,1951451,33522
1498521,1697922,6813
4775292,2220414,33478
5593963,3203005,27979
5486738,1850052,21273
2569423,3223207,23894
7224358,875987,34577
7134118,4516226,32363
4041732,4556059,32684
5931641,4320064,8613
1321590,1024957,17416
32475,266107,20266
5233310,1531917,1956
3288816,3651226,31844
2594930,989926,14196
7216533,1326104,16191
1009404,555575,11513
7632976,666048,14391
2751414,2063982,16076
1798204,1138666,37632
1584494,3753456,44026
7712521,4284922,26744
2350016,1534490,31207
2398237,4034755,30704
1954098,3169742,75
5595537,2220022,19616
2556106,2410714,6254
429969,2391934,21729
98586,2832453,15593
1011464,858781,39316
2866308,123333,41865
3371587,290552,5374
5611287,1896243,12096
4121625,3711948,38964
4804875,4094208,9883
1630313,4343659,17545
3030986,146210,18178
722822,2441313,39474
3430784,1168421,18158
1201515,2698232,28626
3050773,1539513,28595
4987319,3143240,38352
5141110,3294591,7711
3989160,3473403,36250
854926,107870,35355
4315047,904058,3707
4306258,2305929,12935
6169673,889297,14331
7890112,3321746,30524
93802,879212,30300
5684412,842289,28590
5311720,661737,520
4669815,4391891,24955
5547820,3179781,34094
3631068,3955189,12413
1773311,1585857,39955
2055354,2435037,38462
3834099,3342452,12679
1307467,4297422,33230
6669413,2976382,17834
1390214,50162,11659
3769436,1687463,30440
6996012,3090201,22909
4716300,87862,7814
650495,971075,44223
963812,2881822,24684
7113148,1247024,7349
5893673,3066902,10608
7482061,2560445,13797
2330089,3729355,33593
1988167,4121817,44734
2406898,1975875,21030
7271878,2895740,38616
5373315,1141727,7530
161561,146719,10665
2804890,399270,9667
7087229,31706,189
1479570,3962193,16935
1789788,1917478,26212
6488614,1781312,31110
6455101,153865,17625
4169906,3097840,12221
4185482,468048,19080
1746245,1724695,552
2120801,279928,17161
5697603,396667,7213
725347,2902957,26634
3987057,4261864,18507
6968228,2748896,23352
6692398,4285774,8520
4363068,1922995,11891
2332000,2310057,38615
932108,2628852,11317
1936601,886302,18702
641446,2946774,14642
2492924,3669661,6307
7340668,643775,2896
1262639,2925503,44797
5604358,797516,25051
741837,1446956,27701
7471329,3050386,5401
6291412,4268315,3302
7654262,2582421,8689
2027523,247629,15685
6972995,1772167,24929
6738104,4181452,21192
7714960,1013338,34611
6743794,2491121,41482
4362844,2117451,28955
4526998,971579,9050
5613056,738680,42718
4675783,3884097,43430
7218572,4429407,33110
4492425,2136406,12181
2857817,4344728,18446
1173401,2831557,18498
6113206,3611973,14425
3041330,3747694,38330
213924,2983602,11853
2852794,3176235,6214
6340558,1695342,4939
4216815,3094377,5982
3583460,2116243,41122
46154,483262,7282
3786942,3398456,28803
3962551,557447,26834
1196941,3652458,32173
4052110,243905,25000
6041468,3638272,32937
528492,2935631,34950
6882968,4388028,33568
4263517,1475173,27280
7839103,1355280,15520
5369204,2479483,13249
1388717,1410475,24241
6262833,1503710,4458
7483711,2242297,19403
393736,3948914,31662
4119783,2792066,41809
2103265,1400311,35163
7811875,1249309,262
6347144,2460548,10071
3298112,205041,18055
5359232,2140315,12073
3242672,3807330,2972
3425122,4229161,20491
3292437,3995354,23864
7360592,2862046,2228
569283,3537026,6595
7746769,2652354,18064
1658721,1859375,7872
1127137,1663384,27976
5312811,3690905,23853
3243399,1178733,6943
1476295,1767050,43310
6727417,2601168,29976
4005145,4373362,11048
5388745,224047,8445
7028873,2031642,31781
2605713,1156777,5193
2037904,2961787,11648
2218729,2624981,13510
5501516,1196840,31267
2070040,3155686,10008
7042234,2896721,7295
2738494,1476587,10595
924834,4027523,43672
7404943,33967,2435
3324757,3679751,4787
3370124,2516241,1797
4974296,383581,12232
719850,2681948,19861
2713091,2769627,19988
1190051,3164450,23552
193863,370139,43796
2558962,67342,39713
2956111,2155193,22945
396606,2004018,37519
4372774,3724144,1198
5598058,1279848,20778
1634420,3325480,17388
1314592,177622,15840
4050124,3633387,11071
910712,6041,2088
4120038,3933821,31751
1468425,4037388,24237
1826182,2214889,1100
5434382,647825,26125
1195896,3657761,33704
1055657,1551877,10779
2904806,2679659,8914
7002902,2859885,38644
7151098,4356843,933
1564147,3324754,10637
1377181,3549296,2356
2498538,2061944,21713
743429,3816113,33153
6362041,2539043,22246
5542549,1922458,8250
7855781,2502210,38451
3643686,3651570,13659
2964640,1307715,36778
5448453,3774634,20964
7119208,1470762,25465
1839052,2124967,12247
6507351,1295225,35774
7825714,3817945,3559
1587011,2848709,14318
5722544,4073256,26671
1859304,3898705,22676
4125853,767003,40141
2241380,2413902,28600
4321405,3953194,3404
7361454,861920,37872
5131817,3516277,28789
5320602,1361577,25582
1838044,1017820,43349
4743940,535197,25452
15226,2780672,20381
1480340,1720336,840
5828863,714582,13752
6992581,525662,33750
3925812,954425,44859
2387336,3131720,27032
6782208,2383772,43981
4603577,1940915,26281
3657247,2421864,12605
4949180,3886898,43247
668602,2286512,26916
6406962,2114570,15345
3563436,707593,10627
2922950,1882147,36601
6210185,44324,9493
3118881,306172,25212
1375206,3006996,13366
827652,2203819,42081
4630295,3065806,35812
1207793,114707,5892
3007774,479100,14295
533215,4250174,1673
1876460,3418188,6321
364529,4272409,18646
6002452,3980955,1115
4311719,36097,12343
4772160,745878,18718
6364968,3720569,22244
7619385,178110,27888
1774493,92459,29606
7287175,3152585,20955
4305434,351214,40359
4892113,4341092,42584
6815817,4534324,4381
1976490,569387,42730
5052601,3650915,8740
937292,3422163,15665
177889,1658313,21450
7138064,514465,36683
4425730,619400,8823
139630,4010801,25063
15661,2818593,37850
4171070,763887,30403
4588312,3829478,7722
7192601,2948391,1770
3830605,3614361,4116
7172609,157890,8563
6912680,1765762,27701
7696107,4063174,9144
5019794,1776285,11682
2627251,2471591,25052
3558994,958618,7305
3515987,651822,21865
943138,2550617,34371
6458933,3631701,20400
2964324,3176685,22811
128895,946646,3849
3779324,1000499,34726
7662701,3463802,18606
6719662,1889225,27939
1758104,1168776,1661
764738,1300215,8304
2333020,3323265,28292
4376080,2380575,19758
5973769,1598092,40423
7681480,4554230,19880
7512353,4245224,25499
7173751,906906,17100
4919612,4176766,755
738828,4048129,3622
5521035,1624274,1258
5848688,858328,6193
3735629,910157,30945
7564110,187618,20222
6637942,2262930,27932
6941118,2725653,19148
6864813,3838234,16028
3875399,2861620,43582
3494813,575572,43389
3774397,105121,3251
6415318,3240459,101
4571027,1620440,19233
1181534,2440605,4204
7120230,3419568,35318
5010738,4017469,7379
270534,276608,37589
2268246,367373,2923
4269124,2243570,40623
1257837,207728,41940
1866517,3451200,32007
6546711,718806,27743
2327274,417475,6594
5412925,2631575,30430
5137692,2979356,44947
1607141,3644981,41231
227148,2946562,23677
7737680,3725062,16704
723040,1980485,10787
3986786,1879302,8233
7651566,3574992,40153
4889544,4325497,43995
1439271,842279,5120
6136024,1938260,4100
1285448,205131,8053
718680,2464567,10054
1569867,3606728,39045
5363982,3738211,24270
5444151,2748006,2212
4035218,2270764,40146
5934946,455059,11923
3729533,3251196,41969
6554132,4196282,10684
7211096,2620444,11279
4942391,3077363,20607
6987612,2302955,37714
5548240,1605094,25561
3375318,3053462,10798
7488262,4500792,12739
4999770,3401514,22421
6487115,3746529,23837
5688372,697711,1760
7487803,771378,1019
2589427,1434640,19778
636886,251346,1212
5327826,2049790,6838
39327,522169,28545
142401,1306712,14435
4246664,287253,25816
7067321,1070610,27302
7396497,3756200,23914
4825357,2196679,9954
6024763,3866831,24133
4824713,3226211,41616
7521361,3892203,30785
5254046,750739,2045
5691905,4552398,43617
2165928,3700988,16874
7493205,805593,6176
517004,2530444,24874
1469353,1314627,5783
215497,4475569,12722
5746180,3232212,18364
1194588,265512,41909
3809603,903966,28494
3579696,3497683,4752
5620637,4145239,39662
2517694,2193226,19650
6555185,4516543,16992
3751657,421399,32410
5078355,305502,7295
2484388,1152877,20674
5201145,2026713,24413
205522,3342435,22251
6368714,184373,23744
4445827,874068,6126
5387872,254841,28626
2902565,311722,33096
5566563,939369,1304
3510633,2844875,742
4499107,750384,12581
2227785,1121826,41759
4877917,1334588,24006
6082437,1281981,20130
7662016,1111225,19814
5604073,250941,44441
4480709,2524316,2907
7381859,3150066,29852
5083209,4006782,42308
457959,315059,10960
362406,3213855,44909
3046909,3356950,42703
7637287,3285651,29452
204687,3015360,30076
6177930,3059437,41583
289414,3259651,21384
5421720,1477433,13875
7366992,959123,27696
2883343,1462457,34442
654555,2887129,2931
7610535,1403755,37627
620129,155611,42738
6608106,3982022,33072
5223854,4120315,26557
3289365,834062,14325
3828268,3067609,43581
4228452,723511,25686
5599197,270393,9686
6650346,3413195,751
1927309,854624,4478
4169151,2266695,36168
5906922,960222,2877
4553353,36668,7512
5577537,2510015,21867
7342524,941065,6231
4276585,1592003,4749
2306419,4455640,43508
7520388,2585696,14980
2223852,680626,1036
230822,2344185,34980
736163,4568599,3028
7283835,843626,42027
3344971,146223,24778
6034612,3649650,44454
3153175,1859175,5971
6052858,4361091,6451
781237,4527915,37281
7520465,2698817,43040
6871944,2302761,41554
2480933,3287239,31579
5463812,2825099,30300
5162113,3493716,6211
6034890,4525587,13545
2385493,432828,22886
2104357,4443662,30255
1424840,40225,37446
5360065,1110166,17290
623390,204695,25966
1564381,401742,8364
2269588,2776182,42110
7227878,188646,33934
3541174,3319926,24036
5669117,2095561,4355
7484661,1121803,11792
1759272,277951,34914
7546603,2751371,22199
4274817,1118918,8229
6322314,2665167,17979
27513,3086528,42366
1423451,1026397,16255
5096873,137979,28214
6615214,4088046,42607
6153585,910777,33613
5798623,1958918,10744
6464526,3019348,23015
3855912,3147700,16789
2307062,4058227,37895
1234598,3460030,30116
3578665,3364535,33078
5641786,1536632,34491
607661,1709418,19632
7397985,1041586,38981
5436022,3240980,20503
4894847,329995,1507
3137926,2381221,43305
4908641,3802983,3318
4651711,1332563,8272
226141,2848297,34134
4060575,1961764,19133
819542,2643701,755
4083093,2240006,28064
1537759,3978323,21194
6527185,1418496,35627
7298271,2139556,29810
3467261,1609531,2320
6235735,3133952,6140
4175891,1309873,11222
4822475,3184791,3202
3468433,1810971,40794
6374857,1021002,40077
6168303,2050197,39702
5386626,28189,4295
4172137,2809557,39927
7609380,1375737,35777
6564645,4233922,10390
7853085,1332973,31177
791921,2244841,4847
139085,3329924,1036
360367,2097348,36595
6514009,3303852,32691
2484783,3672162,10138
7456242,2193051,5890
6392464,1907329,12148
7002503,3811894,24412
224009,795480,7774
4114950,118672,3702
3754693,4517033,40609
7085249,1979291,30487
670245,425174,6326
4520279,442943,29908
3249758,4329084,15596
3305315,1362829,41876
5592810,422743,13351
2513747,3644664,29251
5564289,803379,44645
6359231,4575224,17623
1625040,1021139,27959
4285699,211684,13670
6271510,1141475,328
607735,4195485,12538
1554724,14141,40106
7399143,760719,14742
345776,1230509,11830
2644418,3600388,13285
6502137,3228578,37486
2545709,3772474,25538
1017555,4294445,29552
6500906,4394259,31411
3009430,2814960,23557
3332383,3386810,29921
1113909,3816360,41533
6655727,4334293,20436
3182796,1658607,17938
5952344,2401173,42012
4091027,58200,27744
121018,2600159,16015
7675111,1302962,36097
6996644,3414894,17579
3333138,1270114,10515
5303688,201468,10058
5170883,4145999,17808
4043266,2369637,21151
6252033,357548,19262
1692058,2589164,3303
4308787,1996561,24606
4065319,4288598,35007
3800343,1860708,9372
738146,2983821,4792
3169790,2739872,37083
6822771,3414976,24276
5551477,201118,179
7022244,3327758,34992
1291308,2320451,29449
3904841,3157256,24740
960761,868343,20008
430276,105961,18663
659617,1747186,17630
6218246,1346234,15158
4983176,1016513,28948
6198607,2564364,15419
4072528,3228471,38554
3742549,411240,10439
750668,2204386,185
4720182,2020406,43976
1052962,2478253,39701
4321649,3743907,20302
3418543,187127,25207
2913914,82222,13970
4818501,3028734,31816
7316976,3279583,15075
2818264,2105367,34077
3538382,2515636,26722
5880171,2495928,16093
7524152,1861001,27711
4400092,1948730,30847
558688,3499887,37878
6151774,1085168,20261
7378837,727901,41263
4562812,3661130,41856
3514925,2119195,11927
1567723,4070314,9130
5921321,1674473,7910
2919384,1691511,41168
3615714,2576182,17322
1856626,2729390,28876
5066836,1816918,10998
2185712,2885509,13388
4682644,2102761,12766
5129072,4079589,41148
701105,2774587,31148
2210663,1870281,39526
2432848,2901776,17503
2789968,4234130,34850
4597040,2222219,32711
7890586,1135381,29490
1862423,3191801,3948
5406902,3424354,44987
7783756,2452888,10195
1376360,2158083,32304
3655923,1533720,17333
7543810,3156459,25300
1347264,2330924,6540
4550532,3116897,39098
2329826,172268,41473
6316427,95947,21819
5982040,1082071,34704
1602618,3613920,13971
2596797,2513336,22946
6133247,477231,22850
6378170,3458593,6173
2610129,3931977,2234
984617,2738872,2440
7186937,2981656,31648
389800,2823431,9180
1543231,2972872,23433
3412270,1717157,2800
5416721,3261441,11053
2867080,741637,23776
4514082,4317152,9866
3316147,1636727,29699
14109,3257397,8967
2785348,527771,15075
5962833,1907532,3032
5388707,449464,3552
1810843,1304763,7992
5985144,2676312,15960
7407039,3216205,15867
1944652,4345337,3115
3980811,3690492,18810
2486032,4497370,44911
3253683,3108968,9663
3506910,927076,6628
3465819,3892347,22624
5395151,1139109,36851
1313483,307240,39435
643088,217140,16314
1703045,3178697,27441
2443138,2175976,5910
3391149,75789,2061
732380,865493,7357
2984896,4045664,8083
1925842,3800987,13028
952410,1778409,37709
157236,2794166,38567
5005020,176200,17701
6094696,3562445,10999
4805480,3727463,20886
6872136,1396806,28764
257789,4331780,850
5957286,1833043,25680
5987898,976322,39840
1489419,3637639,28404
512224,2940300,32710
6179642,268672,7362
6702481,4005911,8468
35226,2918240,33687
1852085,3303972,36387
1124367,3646158,14099
5915040,754956,23170
6143203,4123340,22424
5701329,954080,8323
1814847,3414758,22986
376126,2482673,23921
6530575,1054139,35260
7263014,4331081,40786
1806539,1235210,16612
571788,1080918,14841
3606855,3185919,41232
1159277,3798550,2486
2953340,1902262,43572
6401871,253538,32970
2303240,88252,20911
5768427,105679,28759
5718064,3802934,14181
2360718,2498658,4462
1714346,2632011,10898
5715392,1353421,24170
7122077,664243,37189
4737673,3571599,43321
6697284,2514265,14314
1307669,1260861,26162
1683552,3877359,3230
7201128,629611,34181
6487233,3533220,43987
4314070,2144335,1429
3860884,330102,8964
7348660,2707832,11082
4635610,2276469,26928
6944753,34774,43772
4648930,3499668,13079
6035518,3830065,38789
5292844,4195702,21092
2422029,2719553,36071
12838,1550041,20569
4004192,1523875,24739
6057942,2181719,17303
4629302,3198151,2538
6984502,3361481,3999
648395,900155,33378
4942665,4045032,38340
2077520,3836872,6255
2534253,2712575,31006
5160966,91016,2494
5007374,2527571,9398
3256257,4575655,16742
1631188,3577642,12108
6205137,3157682,42046
2758028,587468,31066
1636166,1669005,11156
6320439,2165849,23959
3660716,3015832,1412
2607630,2058360,33746
2889559,930435,42763
4265130,2732900,23642
1195107,3195811,28157
4591639,3552490,40958
7763216,4194802,34437
5375665,2124204,31978
6041916,2375880,32048
2564307,1474359,28815
7272787,991869,38650
588323,4256066,20901
2066885,1298731,36026
7054189,3616977,40321
7837107,1896343,7652
6826900,4532899,8289
6186305,621226,36261
7882055,3188437,22252
3125628,3541568,39558
4267994,1619334,27945
6833437,2804012,26750
7840671,1557686,20339
3928848,3647695,15113
859742,2906872,14399
6455344,711278,439
3305011,3425995,32912
4764530,1200629,11592
3274869,1259339,26972
4941230,3576912,20371
5367560,3746250,18834
2920475,347633,31076
7882705,4014147,2029
4299864,2254675,971
5325600,1494041,19961
4217047,2732885,18660
6107029,2244121,3917
6538684,3715222,10401
7353272,1265520,44883
7647885,393073,24354
953763,2932513,25638
1084188,1136255,41054
3792817,241290,37655
2631426,4368982,10608
1926347,427577,30748
664953,2443351,36570
5002405,766741,41265
6694716,4254404,18883
1928348,321765,328
3390223,2910830,18661
792499,4353881,8711
1138316,4361665,26892
5030235,726267,9087
7764293,3439723,35260
5164553,4350696,27055
2367712,2180439,30616
329874,1116559,19664
2451531,3299061,31147
3098964,2093702,19932
3080843,4261143,22975
7057793,13230,30057
7706668,3296149,8336
260731,1417657,33479
2490702,3767252,33316
6957771,3127468,9185
1586630,743809,19052
6901681,3046299,21092
3028388,2547369,2623
6725194,1109912,33712
2754554,1022832,29381
6457105,3715382,1409
3757062,2344433,32302
6266995,1839926,6739
7674445,3754004,34396
3049028,3067798,6968
3580097,2673451,31045
414793,3666410,2929
5387295,2341248,1545
6400078,1380507,30160
2387773,4098654,29917
2033237,2263306,21985
7329993,914796,30906
873977,3119684,22909
4309883,217718,11129
5864980,2939598,15388
7601172,135014,25783
1784836,3111707,43103
2866569,304567,39213
6631886,3702658,17172
7284987,3325885,29310
3210666,4576586,38822
1710292,2775941,2792
5535974,4386037,42185
4692350,1571718,1541
4959479,1414230,11872
6231496,3876423,33008
1765474,4404811,26378
1069167,2324088,23191
1773691,45180,25807
2619096,3703973,2356
4941983,1266531,13429
1198458,1498254,32030
127971,4461669,5474
2376238,3688430,36120
4424034,1531409,26173
1693209,280810,34985
6759007,3266274,18498
5280317,417635,20150
3587048,1076877,38014
5058848,305769,42620
5121799,1225870,28275
2554129,2363956,40124
689088,891139,41119
7536319,3674270,25375
15420,3919277,29964
3645756,2990154,30427
1776419,2388866,16402
3983748,2790320,42163
1250299,2658318,39145
2197111,2872804,20124
1392562,4340627,2670
4811698,3667207,32593
4764958,91520,27219
4950135,3310878,21096
1514485,1135218,11850
251043,3007609,15316
4250444,2873032,31400
6005096,3437943,18129
5440000,1495868,39871
3039433,1385970,40778
7678888,375229,23432
7144059,2283330,28947
6588092,853981,37009
4506658,1186654,29582
6832992,2626533,39108
3465172,344234,37784
4757074,4555217,28448
568604,3801211,25791
3049608,930736,10173
7698406,260036,32864
7606640,1152672,32854
6531332,3400961,20283
6977043,3984039,9335
42754,3166023,41921
1730937,3084993,11104
5047704,2443099,32423
7575018,1703576,19995
7833068,3586025,8795
3564158,119927,37231
6716472,3488759,43331
7349892,568839,41854
53772,482717,23614
3240615,3765463,42635
1680137,3820252,21716
7765687,3476442,20507
1097092,4657,31775
5621048,374814,28849
4134490,1376274,23673
3218086,2166267,12608
1297530,2235914,21173
506454,1184172,22392
927152,1780908,42390
6055513,2910747,20350
3150847,1724019,847
902643,4403820,665
4877862,3911786,13796
2235734,2083674,27898
4760155,2663894,22649
4017935,973287,39037
795758,2393495,8283
6990361,1816153,24790
7066392,9252,21808
714196,3171917,30633
2353189,3436950,20371
7817299,309493,17566
2593672,3381163,33287
3410281,651149,32467
2997434,4461764,457
383477,3119597,17831
7409015,1507325,25505
810623,1307388,14415
5158029,982764,28154
1089285,881855,29576
895092,927268,1536
5051048,3041836,42979
2474931,50242,14208
3468068,3797827,33775
3367646,1964995,8871
3879866,2842074,8840
5842166,4446142,29404
5826659,895737,11458
6891046,1490517,29909
1569111,1370116,23059
3089476,2520957,34393
2509698,2802182,29560
6180307,1176332,23943
134289,2950673,8680
4373619,3662092,12346
3541322,212278,21718
3146764,3789165,21353
6535350,94102,37823
214710,2135106,13583
675489,130652,38621
660363,1979993,2347
4726164,3060855,12487
5718483,770590,33513
4399123,1364905,33401
7581542,3451382,20968
5184659,4336355,39909
2930232,711203,11326
6940076,53301,35939
5602802,3088092,23031
1984742,3069752,43144
1218846,2582930,11917
3512818,3825786,36599
7565698,459989,12955
4250390,364936,19490
57902,3694636,16690
4365776,191632,32080
4222739,2815537,28795
1782637,1223126,3405
4016163,605893,25097
190370,1168475,21793
2449008,2976987,17945
1124241,2669850,35730
5980685,3219926,36243
2903930,1191930,39006
74577,1456819,19791
5693051,4354212,4977
3541727,1377358,14328
1461323,800977,43427
2167047,763771,22528
4063719,2075388,26455
6954255,323337,20351
7174888,2250964,30426
2597149,4521452,20743
1165519,3299404,13233
4117009,1813113,42336
1421956,1337104,43895
2258591,617497,33844
238644,561931,15433
3903694,884000,427
292514,3769051,9355
7451062,2348205,300
3860531,3459777,33904
6809982,2567777,21036
302229,1417526,40280
4383051,2498703,38603
296704,1676341,42665
7740086,141497,15004
3523527,3196803,2825
7688724,3965545,10340
6008469,3523983,13720
1753613,1259858,35520
1212552,3491056,40485
4065875,3788824,36431
3878223,1389255,10037
213363,4395301,21245
5791505,4366789,36952
6041937,2241743,32554
864678,2839387,26096
1096102,4450736,42326
5076695,3254439,28199
2916949,3509938,25653
7745518,3864147,15974
5813957,780606,8330
6143727,3024994,42132
7493682,251288,11710
4235747,1610771,394
1412736,1756125,8064
6996331,2097777,1027
476317,2131285,28371
6182678,380741,32140
152301,3927267,42810
1728524,2052873,9372
811790,2917391,6290
2819130,3768168,32620
445785,4558994,18609
5323456,2947934,28254
1130663,2320946,44149
1761593,720934,43656
7724618,4053747,7659
3469426,638524,17319
2533037,4016726,10415
4007683,1747035,37843
7256381,1903654,18013
3323410,118776,19165
2943980,1544032,19822
2837572,3117126,25371
4745117,1699409,36722
5315119,892162,8238
1821737,866595,31988
540033,727489,38434
3374912,1670881,15607
6339061,836347,39804
2840971,1531049,34972
2804978,2030037,37313
1508306,2078815,26293
4159681,2766357,21889
1849757,2895260,21972
3801848,794904,13003
2714181,2322299,37855
3022854,2569633,20262
5097102,2426882,7077
7235406,1981204,29700
875829,864884,42630
1586417,1665067,40320
7216929,4515178,9399
557963,333890,2683
3327019,2624120,4999
3436242,158891,9978
6221131,2005521,39513
2856943,974017,12068
5508475,3721046,9507
7725648,810791,29010
3649980,1602631,7063
6755462,4306440,21750
98769,225377,39979
5671806,3286195,21698
3269063,1018376,23985
925174,4279231,37795
2843192,1468859,35667
1120584,1143634,41065
4881723,3336073,23690
6892926,664045,27467
5617870,3287243,22980
5578032,4466489,38116
4055511,636371,2510
3144084,1237368,22733
4129723,333902,28087
2213943,1239316,4928
4251072,14423,4208
6911875,920351,29289
4443171,1095476,39186
5400272,30337,44946
3372813,77924,28319
3783412,3836230,20621
721859,2415219,41691
1579834,151681,23441
352998,1543217,32852
1381747,2059718,7566
2159158,4199817,23774
2968284,831696,19434
5019352,1460918,10837
2340181,810777,30815
1892165,2157456,38890
4018409,1597902,5265
6008665,1916477,22919
7212725,3888780,9809
3036935,3998911,11622
268134,4411280,24777
5306298,1620907,36830
3313514,1471577,34243
2169452,2987986,36912
5487167,2826364,33294
394289,699425,24715
367783,3661283,24733
431835,2480619,43746
1055567,1460345,21753
1444381,2453348,1094
7381866,3777341,5781
6432296,4123349,25813
2382124,125845,36122
6649006,1962128,34781
6244897,427043,14857
2843672,3169098,17990
1386034,3294857,10945
651412,3482214,35706
3135061,1096310,5628
1175257,781664,36361
1727576,4008716,3965
379967,1682377,6367
4301404,1428656,26340
2103416,3151370,6007
1854631,4265590,19297
1871616,4329962,18612
7168383,1865212,23608
1715276,3182727,42986
6937904,700329,21823
7721712,3925289,33480
5892339,2021574,7356
5489981,3183772,10545
5163379,1511971,44716
6774017,588664,12258
7459174,4346857,31773
3616789,2483707,43094
3479224,2830803,29896
7646218,3755307,39144
5889053,674511,36151
2719404,2330387,3296
7684626,2243679,2721
5426273,1844632,7038
4114248,3105455,10083
5447167,4122548,15408
2752420,3071324,41233
2316430,1956320,40189
2681793,520267,22021
7199123,3160911,31822
1606937,776037,40334
4670476,1566788,413
3876620,2546481,4361
4721694,1362227,35241
5704072,3764032,8213
2123955,2803319,17172
5669636,3415557,2018
2691303,1570171,34529
6182222,751173,493
3918608,3883052,3913
7507615,82698,28114
1212180,2762652,14345
4205870,1116015,44470
2972408,3950585,18632
6953400,3910792,24668
4726862,2534326,36353
1841457,729919,29385
1537885,1527140,26306
2202239,381628,36475
7254814,3722828,24904
2009215,2604156,39365
5849457,285594,44925
5137073,629755,31935
849361,1888614,3262
4300832,681607,20923
2648665,4453086,40777
1037244,2312360,13800
5403307,2413287,42100
2028773,3937909,42247
56478,3477666,23155
3671729,3941874,1816
3975386,3425981,4965
6086983,3653684,23022
7887016,1650737,13880
2633969,1863379,15322
4167915,3978510,35673
4321418,4263408,35514
7148591,2717584,20679
5788895,3864992,16112
3981426,1450059,24005
5540169,4192085,35932
7309645,2089902,29551
6172098,3222079,39693
2812402,1970873,35846
1492795,3988697,6272
617036,4022615,24079
5527253,902428,20867
5525522,4269417,33486
1628576,2117229,39834
4487820,1513412,38906
1786940,1609378,4614
37321,49361,18571
6658362,3649516,19894
6782385,1477132,34480
29180,2537214,25065
1224905,2957241,36065
7469389,4317443,11223
740245,4168910,14161
2588633,3166506,15253
7604236,811547,40017
1677483,2910132,26053
4074438,4164115,13851
2869093,1560438,13863
7470577,1057761,20088
3298710,3702948,38430
4696223,1821062,43513
6880027,2255732,11218
3248213,1945097,18727
652779,302392,17553
7341590,928899,17194
5529244,1978161,11677
2794672,3177860,19953
6001431,2605325,6639
786936,2648953,7883
3083001,3722583,19026
5616442,3433232,3372
5444783,4172076,10193
7562169,3337071,21100
7245829,618359,8481
2446709,1416528,36243
220700,4004343,38629
3836046,2255053,817
3790887,3125516,24357
6203007,90666,32954
6219194,2335916,24730
6957145,1476569,11573
758628,1566831,32545
5956906,77404,31871
4450600,530579,28600
5270076,2134960,21411
4306661,3658316,6218
2845736,3877328,39279
4361949,708899,6905
31286,983836,38864
3337722,121870,9317
5780184,1074767,31235
784040,3541817,21609
5510076,2079798,43860
7406547,4452980,36200
994743,3671259,15606
4722994,2166671,28125
1924636,2339174,43200
11616,3067334,37651
1737944,353218,14443
7207509,3329166,5961
5600479,3305457,21740
4143566,3686189,5294
508865,3525815,42253
5190897,1518101,6284
7725557,2876193,14855
4192460,161661,27338
6144228,2978075,25118
890977,3348154,8418
7154470,4455471,15401
2451087,605552,26797
1032349,2574939,27227
4497433,1364822,28586
4294548,1292549,38178
67891,4015065,1068
6931401,2609971,11244
7747897,1098403,41543
2970605,4453880,15903
4283162,3231544,794
4727611,4460066,8436
5296221,4065376,27279
7463876,2999573,4686
2217236,905031,27478
7558976,4187977,38871
1174311,405686,5942
4461070,3794765,32091
6468682,2867137,24478
2476148,4026643,31595
6756312,3951219,42139
7604123,1493811,36940
2402715,1987815,8488
2386809,3101242,15610
1558398,3507971,13962
1242570,2706975,23040
6447848,603134,17738
6796343,3508069,11426
2325228,2769951,5805
3481579,1160517,7700
4846512,1528902,37760
5860871,2853132,17846
4627453,883807,40149
6417077,4060572,39606
6275302,437308,43036
7343818,3130208,33234
6771940,3636266,13899
1285943,2386779,3247
4505735,1466223,35765
1363325,2175736,16699
4457172,2835614,4247
7203730,2008785,18121
3323055,4273340,23380
6618489,1851260,23327
4114005,4457236,2430
5127549,4208688,1901
6418314,1844264,42551
1042368,3912079,22575
3137934,4491158,17913
1006080,2848753,21924
842099,3769595,40484
1243892,2840456,2891
2803784,4281076,22495
5739890,3488713,27745
1645853,766418,29111
1634583,3585547,16085
2204476,4283495,7224
1214652,2676798,6873
756117,3346991,31380
5361538,2857848,44132
7542044,2010243,30076
6400924,2625061,7827
2032082,1749826,17411
7796511,1777071,5668
4022045,1340863,8134
3275666,876627,4006
7287430,2303082,41251
6024455,350491,42167
1403544,2437312,24945
5730443,503549,37890
6974630,4501802,22020
4297709,1188715,19975
2476660,3721202,32008
2825555,1718007,19772
3947905,2978431,5599
3764257,4352874,16214
2566903,3380596,21602
1676118,4046822,33083
5985195,294109,3902
861892,3529493,9300
4054410,2851647,8455
4069358,4252679,24855
7109466,3848684,17343
425257,2877988,10311
7136950,2949644,28909
3486148,1914151,11464
571419,3399992,23329
2820359,3466172,22225
5151655,3229773,18200
4194767,1794710,18524
4526383,19112,34349
7784294,162535,24999
6207038,1669920,18608
2371891,2953311,15946
3130670,224,26764
3747034,1707551,32076
2910323,3121014,36505
193877,4272545,26997
2574394,2080870,25925
467752,1571409,519
2534962,3165791,30669
5152334,3857017,36284
5768871,1211894,40745
2276427,3263085,40225
3898372,3005277,10183
475562,3279879,30282
2612960,2253001,26013
7203370,1431010,21968
5794269,3107934,38481
3696206,924916,25820
5873049,1831400,3938
2063516,160056,22772
3281990,1183094,40710
4074963,4386970,11943
2509185,1580490,6839
3220155,1203797,33687
5403065,2859330,6886
976299,3234201,28523
3712986,858174,10549
5199785,3381623,23796
2164642,203060,18934
355749,433862,31638
2983337,1927151,40061
2696101,235169,41957
7116797,151745,42206
3617234,496793,20713
228869,349688,7830
3216034,4084089,5292
5239752,644448,43696
1799065,1107514,30517
7451726,107780,20206
7337455,2304288,2460
6083299,3038906,7212
2484693,1901839,36467
3060625,577204,21481
4820294,857744,18467
5421986,2460178,32591
430251,2243709,19778
7374373,3721973,35817
7356160,3397576,38653
6137583,3614931,20718
5855940,2507012,30867
1741521,1785250,29547
7054249,4199800,38141
1605328,4446606,12073
5713180,356539,37568
6694559,540361,44852
3488734,798852,14040
2215195,4135889,21249
1281394,3017578,7637
6036327,1304749,12918
211984,189425,24932
1445679,28321,32460
5226902,3299325,14138
3843863,2684340,6726
242293,3210213,44052
6309,791711,25892
1789193,3511996,14941
5579149,859792,29529
1304958,3842010,37799
5654456,3068549,19804
3196527,171261,9084
2811580,130296,36194
6276883,3736541,9274
1219225,1012447,28747
4936654,152884,9634
5490646,3404044,34378
7850374,2852707,29431
4943344,251388,1046
6891517,2129541,29821
6947313,548662,19774
2959837,2727265,12911
1662618,140145,9833
2399824,3010678,34972
6116799,716481,19304
996817,4214912,20877
7497716,1411619,34327
788387,3798610,39464
4486736,1496972,8385
5855591,3549583,34619
4646813,1987880,34719
6280946,2906596,24336
3580946,2680846,14672
1944619,3017110,14311
7552797,2123382,10862
7273704,2137320,6225
5900595,631807,21655
5596488,2437628,34182
7235093,2324105,15998
6552054,3124646,10572
5548220,471562,28637
1638671,327025,3576
1988864,1148083,4298
2754000,2909929,10342
4137594,4055707,4802
4455087,700218,32517
7847037,3461521,38446
861894,3381276,30208
5365779,665644,35134
238319,3551170,44573
97445,3423066,31068
4771217,4114068,8725
5992452,3084825,33126
3144903,1371529,44592
5632943,904875,11609
5135809,2367316,34137
7438206,982812,44857
3055388,2156792,17848
7708990,868045,31364
3987856,4433851,9308
7545658,2182909,20628
5089065,1255112,41210
2413237,1994140,42391
5053723,4079088,22586
5985994,4416965,6828
2756035,4030738,4303
2814324,3924342,20666
7835676,1516379,34637
4205261,4497878,14409
1522970,411889,14250
971368,2454157,40463
3969413,3959262,25412
7636174,1203107,430
6653052,10797,27286
1232056,2745518,11326
3318187,1434790,42870
6980007,2736877,18848
726132,1039874,870
7227684,1177120,35747
4714642,78444,21778
1349520,407311,9653
2954466,1418981,32630
1985566,1642720,41760
2692983,1386382,2841
2105582,1942142,44124
6157841,3485287,24163
7803798,116694,29864
1287057,1665970,40261
2446410,2642309,17561
4670300,4181518,6618
1676752,1967993,22717
4248493,2502227,25007
5982776,1208126,13669
2343667,3837978,11607
6684471,1595780,6756
5490798,3146892,12949
3462910,2173225,13216
6939049,3443037,29012
3866916,3668916,44077
2331360,1010293,21803
7021118,3052584,18911
7197019,2456375,44307
2276383,4179330,35665
3353626,2236046,28579
3678943,1244627,5308
6744334,3393360,9674
291476,2685830,35915
3380631,333581,38105
6801998,3357790,29419
6280211,1721271,4857
2701997,2827194,4679
3797737,730872,44184
7133658,4139370,21355
4635675,639584,23024
3344986,4542867,13116
2187452,1661109,4477
81897,2993572,30379
2895660,276502,20523
4312311,1734915,2098
3560209,2337972,17576
3936792,1887630,17286
2032667,3397266,15610
1236975,3961751,4166
2203231,3799968,22224
2402817,1287237,6101
1940284,4034542,23274
3070718,1808618,13906
3280829,747902,21941
1681159,428268,5072
4560832,2496099,16743
2599311,3078834,43432
168128,2023017,34736
3544428,52313,39742
5951803,2037893,40602
1893634,3680912,13460
2504111,2333624,31274
5325136,2958489,33554
1921838,1979823,35578
4629559,3658332,18600
6334265,4232771,10623
379028,4422580,23428
7349717,2273196,43722
7443291,948297,42878
4654772,490995,7057
7269726,3020039,39991
6853448,3680208,19922
6265163,2076813,30338
2886741,1431162,30066
1390389,3374689,41371
1736978,1313521,38220
7265087,2378570,32578
1095013,1341161,40785
1710922,3332073,22639
744520,2613140,5405
3198387,4125092,28465
3716446,482534,32954
5413713,29660,6433
3014927,3958790,31873
7064371,580136,41592
570983,1102853,26596
5384211,4552790,12261
1788386,3431893,27932
1231406,3067415,38444
2983928,222993,5748
3591862,816343,34748
5742637,767592,16980
1362913,773437,13651
2766186,3672345,44265
2992804,318303,41895
3075094,1473024,44230
4212097,807475,22130
2560771,479677,38508
4001050,1813460,8335
3537087,3955591,6876
3448961,4064983,35706
3688312,4193712,25655
533669,635718,34510
7530074,2723651,2210
4977745,1094762,12566
2742821,3131719,27810
5857752,870184,9943
3122687,3081621,4215
1162815,490891,33063
6791086,691220,6893
2157296,2796533,578
3876517,3862310,33061
2757598,2062999,2942
1584966,2553543,6281
6845018,4439018,6501
5641107,394208,8545
6751087,184383,35650
2913627,2655012,5231
6081293,3191759,28092
3682251,3440280,4810
7671035,3550895,12469
4093659,2667094,6599
7387968,3561279,9485
2595566,4228252,36073
2827558,648848,42962
4397130,2569990,29056
7232230,1013490,19848
7487471,1019006,38033
4829229,2986314,20194
318019,1960026,28170
3765200,2024153,44752
1972424,2615547,43607
715432,4087630,14378
6764781,2258115,10559
6434214,876433,24434
1272532,3967067,39194
1961407,2549570,19930
5326110,1703250,7788
391564,4134279,28160
6744171,4390023,2814
1448700,2473203,28523
5965366,128967,30901
2600613,1935064,5267
3370608,3762852,44153
4136913,974434,20687
3395554,3864039,39090
333263,2227355,29543
3457494,4013125,28798
4932771,4358672,15678
6618451,3813874,24412
7562783,332680,25986
312558,3438954,330
3425945,871215,34890
5197282,3253329,18466
5287534,4422648,36081
7508209,1521643,20817
3279407,346500,44717
6197820,3097448,28276
7530894,4094952,23332
2200144,129596,8236
1312361,2039974,21751
4407689,4297591,26165
4736093,1537989,8767
7401494,88589,28321
2757266,469945,23095
131689,4094400,32306
4807760,2983678,40576
5752743,818312,41429
5493682,4295411,35789
83869,2689134,10437
6657929,55019,26750
5305307,1931017,27287
7287707,466766,11728
7362536,2565012,38154
4609768,1549232,22783
5213804,843511,1051
4245759,1705193,11141
4966869,990577,39759
4327214,60056,21927
4967410,2530403,26334
6158091,1713978,24942
3348446,1296394,7690
1968257,1163292,10177
4071286,2583133,37102
1143952,3562054,20927
1434128,2527779,2759
3973883,2711293,41901
5558415,4326332,7708
2606777,1911627,23771
4130120,1379438,14039
1565979,529720,3215
3871308,4564932,29953
333976,2462341,9551
7318425,564733,31324
80304,2119931,14441
601922,2329128,34624
5221362,4566148,43718
7366428,1738971,3503
1396098,3725791,23577
3817111,2355548,18489
784832,724554,32383
2989373,2074417,5439
2601625,3656447,6436
2285074,440533,43725
1842684,4540108,14246
4328123,811516,7180
2828485,3383971,8612
4313019,2138262,25007
3147864,2718085,2731
634719,2319171,21362
5182902,3739565,24109
429149,2940867,15258
3428242,455941,13639
6747382,1554345,15984
150952,1384434,33296
490533,2456483,31759
6556174,4410938,1611
3528546,1071790,9570
7501353,4176616,26667
6203578,2085284,31271
7343249,2241626,11500
2951431,2898500,3162
4284411,3956401,25526
4656759,710557,21320
3428786,3953792,36457
353587,1796134,24857
2738813,325034,40401
4215831,2705057,17265
6898433,3533459,28621
4809005,1358780,9323
2587409,2613031,25641
7176938,760353,37334
5718742,33521,18252
7667455,1489234,36277
2001931,2643340,485
914469,4291997,6907
3713440,2735791,1131
5887081,3403396,2157
1798483,3625916,17672
1927753,439814,21321
3214499,1349890,33819
3913685,2806074,19464
3776392,1143202,37994
3976803,2112529,2786
3090271,87267,29069
1386477,4375228,22678
2200234,3011743,30178
1220560,740078,14135
1718079,2771027,24218
1971227,3884356,1668
6773053,3655656,20682
5141195,2005830,24719
3677956,2263299,24301
7166298,1177804,35928
1543827,4312630,13015
5983789,190617,3778
3393461,1144557,40819
5766559,1565750,32691
4887119,4078553,39829
7257261,1290117,10385
284770,3955543,35201
1467590,1840205,2277
7154228,473700,13196
3342989,1865164,32191
4431748,814577,33247
2119458,1389276,41680
6362553,18976,19165
3421740,1226805,18402
4142012,3684354,43189
6448314,2549814,16326
4411962,3214964,9854
408972,2313788,32304
5101952,2887848,19850
7634560,4381470,37588
937654,809839,29558
7616742,3972279,38161
7267383,632621,10450
5423546,917625,36244
226925,1591598,36363
1023109,737095,22133
5301917,3788788,27806
7358774,279758,9012
5585656,663936,15481
1618025,1173038,2351
6095670,1747470,7940
4828020,2925594,11725
2826590,2507494,1498
6166887,4276780,18921
1963750,1813024,25839
6354564,1907468,17692
7466529,3063956,19936
2316550,3430527,40335
6238740,480536,41750
6155016,1698137,3835
4896213,551171,29914
7135650,1798654,1359
4991625,2648789,18521
5987920,1129547,11791
4442829,2640791,10494
2567498,3291596,30700
4032169,2307134,13168
2159032,1643573,1158
5722277,4211123,30058
3482026,1922280,37260
2584187,2255511,2590
1526410,594660,34669
2046520,1143956,15085
1348647,2512700,43128
5843559,1651127,29342
6105235,4403521,43587
433405,1215023,1097
7211650,4287119,14105
4149882,4162986,32352
2998643,4108733,14755
208885,1602148,26469
6628979,378325,25183
4983956,536747,28979
7144931,1649034,7613
617981,1427718,15191
697428,537202,11205
1925179,2568137,41335
6952649,4091930,25503
1940326,1747887,1376
2494495,609381,29959
7124289,4354686,43271
6342457,941847,23968
2818380,3479585,22547
243101,2572899,40702
1915957,3435514,21843
5529851,27121,43593
5371583,3130542,19450
7366065,2216723,10933
3934112,3587714,40243
3444176,3619104,42387
4412866,305422,27123
4742036,2649759,22026
3092962,4486402,24565
2653371,1393412,10840
5140283,4091514,24880
3957682,1332011,13421
23968,2852261,27518
3683492,4407807,13295
5392025,1620842,44744
3659760,813132,32175
7131560,2402598,25269
4954743,2801502,21129
6038488,1006378,6780
5830403,4376099,5453
397018,598181,36924
6169885,2155736,6027
7750112,2932424,37101
7876006,1669135,13812
4785245,1701411,29571
903629,4258278,25202
6550210,2274175,13506
1849426,2205601,43114
3912175,1431673,5809
4612569,411649,2825
4989933,1828909,44407
5462284,697674,29389
697329,1298748,16382
2928153,598434,13036
287834,4178676,17764
6055723,215902,26418
6434409,2260848,3603
1148902,1110411,1645
3585156,1570222,13758
3767392,800516,33219
7505296,13913,23289
2402208,823578,427
865810,3243226,13990
4119962,1017089,39150
7561655,3614897,28485
3509937,2245328,14431
7870785,1706949,12438
4447269,1320961,24863
143949,1053880,13218
503999,3781490,17260
5609472,2797520,39021
4755116,3812043,28055
3813940,2433574,7850
4664448,53902,37606
3006228,501863,40180
2764293,2210748,12005
1393400,2435376,15030
1863225,2809708,33349
2379942,2804699,39256
2379148,4483786,38650
5251544,1175418,24568
1788896,1227823,11875
2513363,1178229,17681
5620949,3376030,44245
4406017,1403518,8162
2500125,536103,4615
5887091,1278236,15266
3219377,2444286,1368
3168511,1586348,1267
1197240,33532,12314
998430,3443028,4819
5965325,171923,7726
861919,2737275,35095
7086691,914443,11757
535038,4384320,13289
7579351,1703716,1026
5784691,4221065,37264
4237296,1862696,21847
3081835,2477799,5588
1102689,1664557,38219
3810,2606133,35862
1660403,3580861,41864
401580,1961720,43314
7363244,3402770,29591
2390679,1157520,22361
4152724,3038191,14645
4934022,2966279,19186
299964,1992548,29985
7397036,4307934,42064
5623277,4124748,26219
3149095,1009926,9355
6216452,3945215,29303
857874,2335108,30119
4979920,4123108,15850
3550871,2410829,21538
5107149,4480991,35699
2404200,3819113,32055
5222669,193726,1877
5318211,1197992,7688
6839324,930725,660
4009970,1738005,939
2149738,667123,3666
5831391,4253016,29466
5782226,3805926,1469
6716152,2206264,26641
7310537,273687,2975
1052998,3982445,31743
1707877,3314949,8981
7375870,2219479,37198
3465928,3813903,7863
6492507,3888102,29741
3598156,838023,42185
485597,1243464,39428
4003247,598771,26258
2012255,1119400,3378
6935643,2928186,28890
6096709,4313055,18765
5399111,333,3546
3704348,2180806,12202
5205402,199749,20369
4329226,1139939,33737
4091525,513382,12994
6133300,3709631,35311
3095551,4530350,429
4063775,2273115,7576
3261041,4433012,25368
70818,2439187,23287
2349072,2773005,25985
6203319,1999929,42379
2218258,4273584,42207
2074278,851096,40797
5075906,2816137,28678
3435966,3463346,201
6177755,1130468,31195
7790861,1347592,15387
1668131,1477969,39433
5252608,4048575,33224
2588416,8221,12802
6198617,1889437,22125
1937202,350179,25663
7586923,3289981,40500
389629,1282906,40937
2975409,4401223,38133
1939437,2697179,2947
4439444,1485096,39991
197163,861491,37328
6356199,3198069,608
4665081,697804,7416
534566,3286173,22923
1602067,4120691,13005
5512454,1544824,5522
2062530,2176415,30999
4234095,4538,5376
1954494,3028466,22754
2775043,2104583,39295
4254255,3720572,12214
4739828,3415256,34933
4882934,2279295,34947
7225550,3992129,20613
6105809,1871740,1119
908553,3473654,5191
7841144,3690299,21780
2677664,3418780,19756
6536442,4457729,9928
6302446,1839407,14174
4688936,3968982,21630
6143877,1918174,10546
4183571,2428922,34347
3275908,957460,29554
4793390,3157698,2407
29678,25933,4539
7105964,572956,1090
603383,3764107,26751
5341090,49530,38771
2754981,2373964,16150
537065,2974477,36004
1775753,4303926,17474
2668046,2116876,38822
3317078,526907,27010
1542914,3473526,5840
7133497,1099926,14451
5790092,4388370,3241
6277123,2966691,18491
1785641,1125162,26769
6710430,414309,33046
7055344,4155797,14183
2864728,3740053,8421
1089909,2175503,34032
5725539,163426,17957
7455090,675598,7659
6526885,3489065,34996
4608786,4170214,29035
5275516,1126637,28665
7193553,1504024,19771
6920105,960686,28353
5775926,1062706,10779
4615788,809390,4234
6120388,3949916,264
151152,3325019,2955
5853272,4241838,14290
1446068,1512947,34254
5759395,3885364,23416
3600474,3678492,28710
6351004,3866878,2198
6756386,4333688,21504
5073495,1555347,24680
6816771,1432259,22066
7382952,2131678,10881
6838414,823746,3262
6869351,4250582,9819
686329,1408056,32153
1933482,3591354,28839
7048901,2621456,20282
7728906,3596229,21776
3929237,1341872,8130
876399,4006827,23235
2381568,97821,42073
7325229,1857618,35542
1902138,3021809,12267
1415365,2057013,12326
3976518,2833219,961
4262328,2583110,38140
8842,1554672,36126
1281623,4026755,13653
1968144,3328253,38233
3857251,3056252,2474
4722187,1168254,39401
6251146,3581891,31006
212271,4489067,12810
1620022,2943975,35861
3363033,3491824,38043
3298927,1021759,3570
1191461,381321,10124
3220792,2854350,37855
2964319,2146491,9022
6715354,603772,21286
2272815,571392,17038
2879380,1376983,27041
5053327,3510730,9516
6777528,664852,9913
3722358,1518459,21602
4732324,3718328,35399
7592326,210220,26716
6284694,2102106,19078
6864018,2615299,17897
6549976,786612,15392
3146780,3966799,36666
7442298,4265021,26944
7784353,4292265,27604
3194468,3268828,26525
7454246,1417894,20231
845126,65816,16212
253517,1118381,3133
7772997,2726125,5493
6213202,1029629,27207
1677143,1640381,17276
7193908,1631139,12710
1714130,1908743,31997
3836174,579347,22304
2728891,4528621,40876
100741,4352368,40254
3024351,1989983,23191
2773944,1178444,23700
6304166,3098482,43184
5212739,3235533,9526
1271207,3378773,11049
3293033,431099,5148
7785405,1760216,14084
6481885,4322757,32565
3065328,4553425,28538
4845050,3265028,4719
158569,3423635,37998
5430689,2800579,24122
1991288,378419,21003
7241291,1706537,26251
7372713,4003358,6593
295914,254652,2944
7806619,977781,34525
1131534,4513747,43562
7518327,3272536,15395
5994015,1688592,8049
3782586,4139178,7966
2247120,948002,44272
3878586,1622552,12224
780672,2983573,16825
5291581,4395611,949
4116097,2582365,35399
6999896,4079670,29105
7069037,470272,38267
6036556,890678,23177
2957315,1769117,43808
3968273,1466946,18869
4148007,4028053,37297
7041259,1013593,39890
2266238,2940716,15648
222443,1054424,35494
5637301,3248292,27386
3950619,61846,12934
2175091,3346905,32099
4332401,3150542,27262
3654978,1581808,20479
996153,2906921,23194
4015635,492365,30258
1766407,987394,40981
4365321,1174119,9329
4415039,192150,41102
3525278,1328152,35111
2160385,3112295,35735
1734219,1267946,20132
515549,4150798,37811
7022793,1808891,32753
1631645,170852,27802
4537190,2838240,32009
1438303,1944657,29938
6059934,2328621,43011
426301,2750292,3034
1351495,3219699,14279
6883681,338618,44161
1220794,4211020,5304
6062003,3763816,36099
5962351,300951,33271
6793760,1996149,23440
4397072,1388456,8392
2079551,2083401,18250
1141044,460959,3958
845266,3550087,2583
5284754,3840504,44544
1399233,3886019,28657
188674,1439145,44235
7254899,839968,21079
7850846,1516109,2604
997304,3082204,272
7807817,4027899,25933
6749212,4080855,27160
2851305,2995755,41105
5756375,4273388,22382
3034936,3966125,2650
4466491,1850498,35145
58593,4536884,34367
1347507,2577960,38309
7574297,3108357,10089
5021514,4522995,7465
5213753,3208865,27632
7116006,1030107,15962
3236941,625709,8062
4213307,2673751,35606
4071157,1443356,19676
867925,4324401,37204
2885775,459223,30263
2548496,1666964,40775
2833980,4553825,38670
2612281,412684,20525
3056507,829940,6875
7439025,4077569,35476
5913492,4067842,8535
4475703,960069,35314
2371283,2334452,16156
4282821,1059660,27216
1207453,4122199,33337
5749420,1096237,6929
895215,590896,18277
5818116,4491362,18135
1600474,239120,5038
2599515,476257,39913
1168048,3597861,36854
3155066,2960774,22551
3565871,2531877,32869
444410,4353820,15079
402484,1900000,36011
989833,3871451,27306
892822,595895,5008
3967259,577350,39706
3804907,3333674,36370
4655332,1324418,24876
1497197,458183,34645
5390960,4388864,38507
2433623,4030132,25275
1675395,2775027,1257
376098,1299553,40480
2972750,130094,18471
3728760,3795052,2527
6230841,2648228,4949
4816090,1057683,15387
3129938,2853010,39463
4266414,903692,40497
328786,502761,43385
2317919,826129,4653
816762,1042446,10806
1334457,2020581,39261
3397647,4355638,18948
2503831,3760301,31945
1139480,776699,35369
659405,2004336,30114
6165609,3385812,2616
6461719,3738053,8229
2868065,3916261,8968
7088493,3268283,33850
6091301,84170,31209
266763,2009970,23360
5652773,3324473,33692
572647,240280,32209
3159266,2779566,1626
6954178,3852911,7387
7313579,1042333,1526
4851067,1084522,38824
7491342,3675155,31583
2242245,1040845,24733
7237600,3815088,7846
2565156,172204,35457
2073202,4184217,37410
5449194,2454009,23996
4841724,1607513,26793
3197561,528671,8713
6652251,1060672,21109
5877732,2271190,13188
2648937,3524652,40496
3937070,1822730,39357
613522,2504277,35580
4114322,444628,15206
5301212,2213570,43684
6309867,82347,29770
7001508,4273661,37211
1788575,690761,44145
3421750,4036059,11617
1504185,2946766,44898
470568,3712052,2729
3911357,4391968,20774
4000977,2070711,34141
1521126,2352535,40879
4165860,2652250,4915
3406080,4559560,20713
4479042,2815262,3683
2114232,3415983,11817
2565437,324777,42285
5134777,1894149,34805
5921507,2274181,33499
4370503,3733388,27129
4180498,3344171,44426
7176503,382985,437
4115426,2960694,20354
7545864,1286184,22377
3573693,3603021,5612
2016217,1403446,41725
7118510,155608,43538
2390200,85147,349
2499586,921841,16920
5509946,886622,6815
589013,2340422,30242
6349844,2563884,2624
4469066,2984509,4257
7697244,270848,28435
4314933,4057320,42570
6243784,4220406,38351
2778698,849380,5598
232263,4331784,27373
2260307,2037275,14163
2409849,2367839,30236
2214975,2103763,43738
6027863,1116517,11309
5952451,803817,38589
6767023,1774734,31778
4354898,2848800,16253
723210,1584284,33073
5357222,1481922,11182
3730460,2131876,8385
6761258,994795,3588
1457821,2463433,36382
5949604,679272,44891
5416899,1446502,36604
4382661,2323840,26011
2792487,919824,10136
2700805,2135272,34190
355368,3398836,44124
4251664,2430350,22031
1165706,3413057,40020
58800,2544582,24549
7083480,85574,9509
7636370,1782031,11586
2741019,3555834,5334
6728702,1786490,44062
2533353,1612110,4154
446310,4137434,26198
4545645,3648684,29098
6616468,2616759,8186
5011456,3161800,17815
1486315,3879261,26977
1722625,3802620,1285
3347303,436512,30956
7013537,1437568,15099
91636,2631060,10953
3223807,2738985,13042
829616,4213817,24734
7071229,2486275,38701
2907292,1706183,31109
1837490,3797019,37571
3472474,1096680,19294
4999842,153119,25632
4745679,2663963,5003
2029251,3038652,20993
732564,3861476,24104
8416,2988929,42599
357628,1051662,15405
3267953,2924003,44827
2704581,2716486,5110
2095466,472594,24866
7324101,449095,9214
3687979,1769497,9700
2053274,166997,31491
522817,3820216,32862
2869718,2602524,7299
2591507,2120575,34090
709113,1861782,23030
2967176,4047263,1521
2053318,702555,17937
2477390,3852293,22149
3534000,1216901,3519
5995726,244029,20294
3025320,108261,5387
4055022,3770922,30789
4235173,2568218,9218
4514939,885672,11946
313370,911383,10704
1330691,881948,41832
4819988,3241270,5471
2858780,2765148,2933
5359944,1653423,14863
1147784,2363030,22372
6358873,2165708,38156
5463038,1829228,35167
2473926,3952321,43586
1721633,2791399,17856
3234951,1520700,20996
6498108,12749,22695
6071443,427909,16162
1125860,3082909,42948
5269351,133519,34613
2752433,3227839,26912
5979613,1660515,43524
61872,2109490,38753
7238184,2072930,36851
5999730,2048990,21801
1828125,809806,36664
5011134,2719339,39965
3191488,4547197,2050
7060936,4173689,15945
5375688,2541265,38200
1079243,148477,40113
1766139,1921994,27382
5174888,2587257,32005
7006245,4418112,2952
2904043,3557184,25650
3227832,603028,43420
3209625,843891,2979
6178084,3053605,8305
7457870,2579109,17597
7016630,4537374,23979
6206546,516093,31853
2000564,937889,17568
1898329,89320,27568
6226639,1301853,20786
1273967,3242766,14365
1397378,3081659,32639
2683355,1325340,10347
4387400,279479,38688
2552067,3408171,40258
3861646,4433268,38725
2367232,1841697,5677
2046221,4557518,39146
3311792,588301,43851
2296930,493699,41577
963207,3266223,38666
4870277,482337,27406
6012579,2082365,9932
2441485,197791,6625
7014117,2001981,36814
4688689,3250407,41813
2012161,1127882,4835
6163682,1748251,15234
3946495,926007,6349
69371,875765,31528
6535932,1544523,19718
6217196,1982367,3908
6295489,2753553,300
4222935,325892,9821
176410,2583436,35635
1415452,598555,39116
5979535,978518,39020
3352243,1110009,17869
6476348,2309497,37154
4576131,2021518,7792
3432109,4102150,30574
4120686,1437559,205
6691836,3407059,39703
3449068,429147,44941
3248001,4362280,27963
6942439,1830512,33000
4423961,76439,39777
3338530,2230070,28754
6496853,1050650,29183
6098451,3057789,17189
3299852,2901188,12520
4361531,4496167,30071
3350807,2697333,23226
7559524,1121033,30411
2851709,163978,19065
4083767,488413,41614
1142289,829779,13863
7097141,2832822,22151
2657577,2709144,29168
5576944,1617894,29471
5300773,1625755,7369
3445032,1996645,25644
47412,3922762,31305
2306014,4091337,17000
2779725,2866473,26350
5859586,1891405,34121
2501627,391463,10880
2311832,423445,44476
1338145,1023846,9777
1917123,82338,33688
129103,2288004,33836
486770,451806,36028
1887720,1270692,38114
4661751,3857678,5595
6229541,23196,20297
3071744,1370678,36992
1548472,317784,23791
6213901,1043415,34207
2435835,139074,345
4625918,2990661,43178
3178623,2535404,28402
437759,3845316,31698
6010513,3764050,29354
5674466,379885,6523
5573187,868045,18700
866412,4500060,25348
3818050,3960897,27575
2591009,1170133,15860
891952,2261913,31765
1993193,2339068,5465
357337,473609,32096
4432017,209508,38496
7080002,697028,7205
2062424,2237990,12924
7770824,659835,44829
7446055,1715171,15042
7046393,400995,15280
334254,4014573,30443
2498500,2916775,17307
792079,268363,36300
3212316,1880557,34428
2581306,977782,21695
5526148,3483285,44731
5933932,1583142,31632
2396184,3970601,5941
5768161,3542275,29970
116695,590002,15283
6707080,3744037,14594
1462583,2446288,6064
3310842,2149226,42658
295054,4205004,20386
1796815,1625543,19763
1251373,365221,5273
7854068,976680,37021
3403825,4560119,8518
2945743,2824461,23179
3194080,3106531,28715
5806766,1769331,22461
1243750,4315406,43573
2337628,647663,24858
7753496,3123673,19410
2778957,198765,32681
1439686,137902,1837
7587216,3198991,35208
3307729,4131202,25227
3127639,55059,3609
7071209,612221,29984
5404828,2610298,23271
6906355,1286064,14862
5802786,1094344,36762
3072834,225763,17077
6922830,729386,2689
7055834,600541,3151
3572141,3061441,6135
574231,2150901,38603
4416061,4330876,39065
1444007,3766072,34605
275411,3384949,14293
5544443,1530490,10636
1876476,2050236,22154
5616748,945609,12566
7873360,699647,35417
162926,907753,37818
2259647,1527918,36686
5506981,134181,3285
1098087,726064,43421
293142,2626753,16707
7439926,380341,26943
7100665,372724,5098
971032,2176648,41131
7798509,2642429,2150
1498578,698483,44086
2395915,3805021,34581
1932792,3098508,41765
975148,993842,42645
7495706,1965732,30013
6057905,2859618,39378
2889214,3685534,20570
2475688,1199123,10034
3430352,1838414,34111
7314112,2032456,23154
497297,4432628,22186
3131422,1579588,33652
6669309,757391,37664
6763008,2333700,43207
5963331,1221460,11444
6831318,620947,38638
1533290,4330002,33975
5162170,4473168,12820
845656,2895178,5805
1452869,4336643,34659
2064874,487731,17675
3997834,4328423,18092
7484779,2044105,19188
2375300,4178934,13299
3866306,2704823,7145
1329181,1120274,16848
920868,1952915,6570
495926,3766811,32414
7170513,1689663,42939
6165889,3595222,43188
1382159,392267,886
6793081,1839931,22577
88489,982290,44016
1274638,2991506,1324
3450751,861436,23464
4266858,3226848,25377
7241892,1534849,17538
6127364,3931702,19361
2694202,2464322,10475
4734398,233382,23808
7729838,2993651,44057
2797311,128558,42894
5749510,624192,42324
864480,1159587,24552
3903480,2756448,9257
5677892,3858356,37268
798739,40552,41310
7521473,868387,24327
3056605,3889928,21097
7401289,1824788,21076
6546143,838920,22064
6780193,1957529,3405
5620642,3906385,17034
2907163,2121189,8020
7875924,2646677,40874
3482488,797495,32708
6616755,1627995,33787
4772858,780960,30839
1234552,1880919,31488
4929367,2501164,19670
1801049,3824223,25697
6139371,2791844,1760
7508235,1754142,15905
3768073,438403,20432
1925655,1354233,25560
17875,1548987,9973
2115227,4353516,39616
6659454,3056179,38308
3332375,2463170,41802
7727657,3231647,74
6101504,2785096,29405
409941,4478070,21825
7622150,3328145,25783
3057141,1593060,14030
6383470,1477584,24114
3522069,495144,8842
1866364,229700,14778
6457814,3621385,8629
6613521,2405008,25254
3832048,1684557,15414
4309566,1636975,8872
2968314,3277086,8596
892293,123547,42347
4343939,3747167,24321
5508162,4409737,22992
334345,1570010,25062
3433720,2890650,13150
3765149,2493811,23977
5214523,3840010,3975
382219,1282738,29820
869694,2281122,21728
1259712,4491103,32798
850113,2955526,35671
6749072,2934790,18627
6932926,3505943,29580
142408,1507369,35871
5178548,923456,42492
3322583,1486326,27833
7163509,4220265,6470
4991029,4325953,34269
2902616,2278989,29666
2610176,2293667,15057
2770292,611003,18155
786363,1258286,12053
4263283,337681,34370
2244075,675895,17565
327660,4406214,38149
2460164,3667282,14298
4928193,3003016,7980
6182809,1589467,9365
5239075,540642,30327
7417097,2581560,24361
6161648,1315921,38425
433129,3433833,11624
3555311,3863643,73
1368644,1672488,4574
5432774,4478754,24072
2266862,684524,8714
107698,3912500,16084
4441450,1754474,1288
7852797,3889654,737
3454135,1721439,8865
4669640,2121861,7453
1838532,341669,12496
7261178,1466338,29401
992215,571224,10046
5190481,1724502,29185
5484163,176557,21997
2806639,3308643,39894
2648882,1433538,21206
7517067,2538478,547
4432697,4282850,12770
6562089,506287,17702
731846,430179,11560
7882130,497276,6892
6706627,593087,30907
1887706,2033746,3266
3687657,2153947,19914
2562053,2182103,15826
6717473,3808788,17955
5366270,717971,1326
3270490,1226502,16566
4515329,1832287,30877
2372242,867098,28452
2396123,2402446,11731
2277118,4425808,19517
7760993,1857551,13853
3110631,2342809,10199
6101098,884225,1923
7132387,1829853,17873
2023602,4528901,3084
3464106,2299448,39777
4685948,737861,4280
4545238,2238854,35600
5826527,1288973,31000
7016345,477461,30845
573393,3498140,43650
2213591,1035563,28500
2387315,813583,41596
7256324,9695,30103
1161863,1258080,35674
1019669,2745748,15311
6404925,499001,28851
1283380,2720966,18291
170494,1272268,29399
1620725,1313490,39543
6551601,1539458,29805
6428434,1388857,480
7020886,2314051,36158
7595929,2105332,34079
3098196,3604397,22863
7055601,3644822,11460
6854369,256105,33169
6863924,3828199,16478
6321598,3070312,23901
1090888,3123272,26508
5617717,2315411,13904
3969724,4068005,31437
6860275,4384430,43783
7485297,1018609,37841
553849,2685576,15937
1275137,2200413,33710
2322212,2952696,39072
5328857,2760953,28811
320593,732384,34458
6623104,721323,25426
5145648,1915557,28126
374652,2108653,8670
5619253,1430082,33083
4415245,1995315,42466
4517050,1103909,37449
7341110,3785661,18284
4869959,3147830,44515
4928761,461423,32051
1846494,1217800,20658
3112111,3504533,28560
5242233,3082614,34845
3025475,2158934,15883
2382660,856137,8533
7417631,2811711,35554
1698048,3005137,25665
5712059,3057830,32196
2902732,1399622,17949
5078877,3038851,16288
4154184,490454,16796
6729489,4158480,4211
1581552,3395129,32832
7539889,3278028,23591
3785115,3561368,33823
4902522,3114157,2659
2639754,518329,3501
7123856,3032149,21697
3811997,3933638,11924
5074611,2271163,25054
797587,3314439,22096
4641842,1888479,16964
3839126,3241715,17350
1015869,1518114,586
1728917,952539,40585
1655784,833352,38636
4927643,346186,20198
7430010,360643,43931
3855994,4391635,36465
3874611,1215760,1451
5927810,4570752,16624
5304974,1457286,17558
6336330,2169061,41998
2707579,3263363,22147
1855304,3481115,19569
5685687,936636,15566
5255786,4260968,43509
6777657,309668,29773
2622119,548452,26418
443817,4330746,12054
7712874,2079442,11714
3058840,2609343,29539
1548051,2188589,33710
4373788,433680,678
1148843,752108,44935
2364435,3388008,12774
3018949,3961414,15019
3518957,1231686,12057
7097286,1934831,27741
2225113,3024144,3402
5831,3590469,28107
2213717,54564,37118
4595767,753933,16918
4661432,2425734,15942
7206058,1189497,39211
2354150,3132728,73
4003886,3319047,23390
5160860,532194,9985
6235042,1690332,16001
1847822,2923678,23569
4754825,4375714,10260
310951,2703389,5986
3470970,320710,8191
4155457,3326961,17142
30396,163636,8552
6411199,2889547,30299
5369753,1337602,3429
2511881,2188040,25926
2880952,1720087,457
3437442,93588,7939
4878131,2682086,40161
2721218,3408888,6786
1186015,3191720,17352
3062716,2647405,27339
7506567,2873420,13624
6659782,2567204,9540
2887573,3060079,14952
970951,2562327,2322
1932587,300762,13478
1919409,1704833,26486
2819472,2009610,24725
888003,3119957,10330
769966,1481275,152
7656362,1546144,5750
3732834,4253883,17450
1443864,215041,13189
4155950,1254792,23066
3216568,1538024,39293
2403698,3834096,11435
2315627,4508694,34550
6113182,2998851,4892
1420434,3500437,34756
6200619,2439237,40841
461848,389145,44617
3472944,1628359,10669
353383,1600885,10727
1174072,2364283,7507
7647539,2357644,14263
1995058,2650550,40435
6176680,1619250,26980
6402884,699343,3626
5297769,1525338,2301
6639988,4254473,5568
2129377,2500472,20269
2144078,2839804,5991
5985630,2048852,26274
2070088,485504,42915
5133008,4294287,2963
6285643,2112082,15447
2721361,390371,11471
5917068,463792,43604
2103109,2413106,12892
6639760,549782,24207
3336008,271041,40181
5166894,3948952,16718
3182096,2330412,8700
6663728,2866255,1577
1647712,1528669,17513
4939915,3030612,33172
4107465,3061278,26204
1783096,2011532,44906
6676096,3084474,15227
2126451,3453836,16843
7869058,2904595,13846
1514676,1414527,26924
3689639,1368805,28741
5047848,3979610,19505
4636120,2165524,44645
7465540,3766875,35882
906004,835709,25493
7389181,631572,38315
5566453,567822,36997
2128446,1508586,15140
5803900,3044916,4711
469109,1402599,39739
253968,3972257,41472
5346448,1562137,38961
6274332,3037416,7765
3464855,4543738,27924
1681429,404331,38490
7504121,1539079,38332
7676853,2625526,27748
1248795,843555,41122
3197067,2179008,41205
2623690,2785989,22186
3813622,995577,13672
683862,4093006,37868
2838201,3149300,22361
5335216,3175817,19080
7199352,3126627,22024
2269030,3767887,13951
3261311,3630823,26557
1930725,1172201,34834
3147929,815068,2039
5395605,2966448,7366
4660779,1982113,6199
2167525,4219378,20184
3167915,2456988,9069
4030662,2213246,37550
1843006,2348893,12900
6118621,704485,42486
7322811,3166135,40966
6273191,3624300,5047
3744153,1120844,7403
4392678,3734873,29293
1696694,348224,2410
1926722,1804277,27992
4418823,1726514,5391
4574005,2424430,8830
1878471,363503,19391
1508260,2113329,26938
5566833,457386,44508
7088555,2557130,17379
7566483,3555882,16137
6834132,3428294,43012
1410683,2892852,4675
4902891,4564386,11674
1990129,2969757,43967
3875524,2228467,13133
6982046,2911556,2300
2589797,1511695,29640
541268,129067,9382
6550936,1797739,40362
1622703,3983027,5908
5085660,4150027,22117
7686715,589220,20525
3356151,1156835,33735
7152200,267516,33781
4575300,1610786,22054
5592903,24591,20427
6933148,3924827,3762
5689048,758937,43899
5594587,3842681,38534
3065164,481710,14652
3337738,1869795,44630
3387552,1079401,626
4149382,2974925,4541
7793261,2887365,38179
2260123,949561,28445
6637634,542062,27655
929054,415689,7523
3973215,2063550,760
1594793,2555263,38487
5434346,3555012,27800
7309763,2606773,23134
6429869,4492226,41123
589906,2843159,32160
2554291,2549741,17128
73005,171544,8646
2343952,1155783,43621
5824919,365459,5369
379644,2339249,37210
813963,307697,21225
1039285,4152532,16585
1318173,2894440,33204
5789486,458712,29606
1819916,2532512,28247
6664790,2619623,23182
5261264,3646138,10920
2635181,1062482,2901
3575904,3303629,15498
7401370,3294527,39186
5746717,1867283,3647
6639101,328166,23850
897166,1255528,42442
5927306,3524328,29814
658489,4115770,28613
2494371,2286768,15519
1383857,734898,44142
1328289,3191163,30102
26325,2922229,10579
2468693,2877361,18823
15996,1926836,180
861161,1298740,18778
1881748,1968660,40656
7451182,2224085,21540
3291592,2874823,20699
4616525,1434053,17141
3769328,2280936,32776
652812,1142054,36423
4371706,4170198,7393
353633,2616640,44579
2613838,1028405,42888
7641100,1429904,3243
1467605,593034,2149
4120116,4317532,36987
3685159,1674557,39469
3161531,1158775,38758
7333067,1994062,1077
712473,4308807,18796
2818399,41316,7748
528099,2270214,29464
865363,988554,35084
4230576,413083,43644
1276035,1625091,8528
6208125,927008,10011
7644790,1734000,22416
2577453,2717774,30649
2855937,321479,14199
7287307,4359940,28325
1565627,766805,11520
5624725,2512757,43746
40282,4105872,36943
2529818,113274,7949
7214145,1905728,32796
3308761,3555726,6720
5793909,188518,14617
4857942,1930154,26264
641934,3271345,516
105318,742308,17479
6214923,2059396,30196
7797430,1524183,3824
1724818,2668364,3589
2360728,3291726,2987
3655120,3557092,29192
6869144,1337798,11378
6068896,138099,3132
6717032,3083595,43477
5647402,829891,10894
3502574,710671,44612
5619905,2001930,26855
1033241,226239,14467
3456317,418510,25640
5244767,4126314,33774
170139,1953789,572
2116907,1263092,36988
6416072,524946,32503
1014076,3338701,39253
3279853,4068844,8859
78001,3902683,27825
153033,3062055,44020
5963153,1633095,33354
5279132,1861605,39415
1119665,3178000,909
6933448,4386333,22036
2338200,948307,9844
1331591,2534075,27282
7155084,467039,4938
113471,2473446,29789
25319,2960639,17426
1482146,481543,37261
3457913,479641,30809
3838060,4048897,1129
2566512,3990020,32478
3351969,1754831,27984
7472718,4098572,6899
7370512,3067532,3194
3591710,2728437,20061
6877391,2768431,37774
384936,2366859,43800
7619124,926034,28052
2497442,287712,31302
1979690,4328496,25615
3191875,3119827,16609
5787286,2599093,21867
7413081,1926058,7355
3769171,4210488,7987
4599071,719556,5017
688226,3596291,26571
419412,3454386,16613
4290568,3809812,7489
1351331,1879361,27010
7070136,314266,21444
4497365,578404,19002
2834463,1311292,39085
7390578,369280,23316
2520804,3069639,39989
3598613,2791881,16440
7170917,2621261,31865
6741253,4466763,12817
2517628,86678,4564
6392834,2176569,44454
6937441,529575,32197
2370570,2059837,20704
2023880,3993312,10181
4512894,3963431,35234
3936473,958823,17118
347322,4403826,19919
5535276,698304,43176
6880267,3749016,23968
378451,4180641,27738
6406792,2636982,12057
5762491,552605,31873
7382431,146586,40692
2304691,4396724,12324
4628453,2713190,9208
4767784,843093,15925
2975445,1331998,20660
6575278,4249466,1563
5726525,3045659,23472
2892402,2604816,27504
7545813,2949386,42114
6922909,4417492,35078
4600415,3942328,10580
3086745,2675405,19637
1463633,2238194,32225
6273550,1358268,25709
1444062,3988049,26691
2688025,19141,33094
6977745,11795,14924
5541087,687172,33020
1078028,2370065,863
5006342,3391945,15458
6809933,2230893,35111
3421224,181091,19348
4873553,4198458,7151
965481,3250588,31998
1762021,4124098,5675
1026223,4164840,43921
1793518,4267413,5112
7273785,405276,20507
249421,1852484,15191
1468285,1989814,19241
2948115,136659,2549
4543500,1048378,43343
343135,2495351,13697
1641250,2972394,32137
1213780,1257508,5699
6623433,412784,38866
7466085,3884199,5457
64948,3140197,20196
3409418,3532870,15790
3748685,4279288,18904
7822720,976475,9092
7811161,1384749,11123
7561347,1410520,33879
5827654,3681718,1423
4473614,2681508,29905
7661912,1776414,28799
3999775,4321508,18413
2903757,3931467,32636
6618128,3225719,15450
3087358,2661406,19365
2872651,470082,42514
3692311,1514759,17912
7105655,2809455,14392
4276440,3275031,39850
4483772,3238838,32422
311107,465041,22686
7329220,3802170,32377
5190826,805509,25583
5652978,252950,2434
6707670,1133659,12488
6737601,3587659,38622
3992765,374555,17321
4175419,3180786,20525
5416906,1381599,38424
6123258,452890,32519
75620,3339108,44759
3123261,2634421,29829
5924807,2471797,19464
1738858,1964689,31484
1336456,680668,34204
556978,2687447,39437
6643795,2169134,29398
3865673,2485828,25331
2020456,773437,17892
7417218,3313618,15227
4148867,364417,21105
4124709,2737009,18355
1379568,3717796,15737
5761673,1488338,27851
3348581,354759,41470
6747300,2049393,25996
5649654,4508312,37846
455495,4386917,26357
6057727,1986293,26919
4566306,1717864,20151
5117293,2351571,15184
532116,1030792,19782
3708018,2891510,17775
5729188,2801041,6023
1580052,992620,38395
7449951,2352914,2225
3458156,3315094,12849
6182836,2538210,24759
5814796,2947085,14860
7840837,3128207,2488
4660628,1414799,37596
6282065,2029380,634
3420242,1893761,30543
7025370,3459179,17834
2244096,608495,5622
2504253,4400979,17048
3396145,2871639,26355
4206398,3959458,25101
7858808,3998314,5589
3234815,2439509,28627
7408260,1629496,42037
132412,4007056,37199
6181867,4209708,42865
3901180,3041496,30397
6675342,2415581,34532
3310579,3669790,22647
3118770,3470182,14362
1494659,2575563,29040
5872006,132434,27933
154444,1330356,38969
671675,2230650,33756
2989460,709109,40116
2340757,1254301,12060
6631583,4238757,8412
6892254,2358909,11483
3409149,1728046,43098
7334305,2022720,20617
3349610,1680121,33431
5291368,3213156,20463
3420895,2246082,40412
7491201,2188268,10401
2682283,4327024,35698
4021715,952438,41593
3717771,2091643,29869
7463517,4556684,10477
1247198,2340618,13028
4164546,1418833,5339
4415668,1697111,19587
3734982,3168353,16273
1635405,318747,23411
7425250,1505717,26870
6810271,2041583,24174
38630,36884,35557
3685723,2190841,9198
851062,4257709,18805
580597,2790687,11779
3989707,3459642,19037
6705543,1352737,34196
4199706,2931408,36180
4954870,1188079,8264
490692,1535695,37231
3030036,3153990,23206
3758968,650157,37956
6927037,2577444,19833
2748188,4480664,20311
1243523,3937355,15204
7781701,3664563,39600
2611465,2988926,35167
5379331,576789,14831
58128,1185452,18930
1899876,338858,22770
2957960,1946491,28341
49329,2700212,1718
5545733,4283105,36864
6221591,1062711,16410
6397925,128381,30142
6828959,2790363,19610
3808191,1852517,1227
3162582,2661192,39953
6860691,3277718,3900
7735481,2773101,25054
1994174,625759,23759
4274568,609649,10348
6035727,224805,19852
5700722,3136665,31957
3505160,940257,8522
7309246,2979895,33280
1961030,1911616,21834
2376936,693530,35624
2172812,454563,41934
874497,2315060,14215
1265634,251797,22142
7023588,2572296,8996
4479749,3881306,38380
7376877,3805278,35382
3248508,395981,19337
2421033,3087589,37325
6039804,3904005,41793
2819541,1276218,1176
5447961,1657337,1903
1243517,1983818,38720
1445270,2323524,21942
688660,2287803,44708
7666832,3686510,26002
5245640,4369177,12736
4657583,3741395,16810
3512269,4200996,3439
2610726,2700662,28318
6924737,1861823,23237
3462199,3964594,1286
4953086,405034,44797
1029643,2341541,11572
5966270,2221019,21858
7102137,338709,29178
4867049,878434,932
2688683,380867,14991
2168171,125586,29440
6204168,3932757,32698
7807733,3827737,36135
3496769,4468856,18829
2096948,1771206,44375
7316971,3597290,19314
5615473,1514345,492
6453329,2258851,22744
5091266,2771417,8667
7430944,3949819,21081
1812869,3508873,2752
7398564,372505,42021
2438819,689348,18641
6133561,3417086,7557
1341028,2467848,44129
2086051,3936751,7431
3824769,3420004,11318
4904936,2608880,27912
1360129,1350179,32804
7292715,366178,24131
6258683,1973969,3748
162086,1724702,44208
7117232,186568,34551
5386030,2711645,24343
2085996,1468412,2713
3210905,4150681,2590
4472238,400746,20131
1584279,648296,38052
835071,3682653,23646
2849925,3529150,17761
1518628,1405992,1868
1257684,1005402,10766
7083182,4483096,33763
3285819,2302506,25011
3347026,3459368,12988
5411362,4152874,44792
3325347,4244189,43675
1258255,3480990,1782
5991130,4205545,3606
189342,4540700,10118
2573525,801555,42623
4162702,3017405,14939
4461026,530679,30039
5519873,1534415,6705
392259,1249081,26116
4354580,1391206,7774
5401512,1285879,16564
2456512,1221044,33522
6542716,2217521,24029
2584268,3031110,2937
4975214,937776,10427
983956,1029086,21030
3917580,3077717,26598
2175783,120829,26849
1977169,337945,36891
3634869,268507,29540
7455790,3745398,29837
3904424,3767568,12209
2017049,4508181,10799
7106793,3240178,6558
6052213,1520523,5772
7721607,2942105,36395
5867959,3773447,15184
3146054,2489889,7847
4988498,3261696,43371
7008933,3392758,1735
6654591,1510753,36289
7311903,45384,34682
172503,3661819,18154
4409695,1229949,28641
7575925,3064938,14408
7585434,433556,20038
2439671,2646622,21832
6267363,1026377,34002
6191898,123741,32839
6366828,3536504,5299
3484836,827275,12210
6353553,2660088,10572
5301435,664429,3940
1547277,778334,32302
5534818,4175664,27788
779206,2396477,18435
4786785,1006034,2314
7037202,2604452,41643
5347194,3360769,40945
5490772,4002621,40063
6694756,3735234,37549
289069,2189908,12061
6382564,1054861,12542
5824796,3303724,31402
3822035,857487,8786
5974976,2214630,36965
4549515,3800611,17628
5920123,3481232,41928
4429431,536835,38480
4981095,953471,39353
7860119,1438746,14494
658766,1802074,28620
3246122,1478447,34919
606993,1581053,29464
5820646,537565,12906
2920813,671564,41212
2859059,3995897,41314
2311862,1693399,9297
4545845,2485976,15366
29028,430980,24506
1105212,1206578,40043
7147181,2554247,27485
5189284,1104989,5125
2793784,3803164,36321
4745970,2045994,38335
4877329,1837206,33063
1827915,3308915,29130
2166711,561334,12285
3975398,1251907,8137
859265,745849,22759
7684436,1133953,32520
7386946,2422135,17008
3050814,351580,35063
5771114,3478095,776
2794287,4549001,36114
3856697,3868828,17115
7621654,569658,30279
6247370,189625,38199
3256871,3345231,19107
2153168,2870587,20257
379143,769914,9836
1145645,1730909,675
4278,255811,35721
579010,2889892,18012
1905073,3755805,9370
1107632,4247498,41042
7741210,3254255,22701
3974152,4339337,39995
7072623,1057398,41315
2799918,786926,34909
1518979,1469363,41161
5274106,1832265,2791
6369018,2825515,7934
1508784,2318394,3319
242274,2016122,31509
3622906,3808884,24261
4962343,799212,15077
150873,2567577,29799
5826044,3570820,40795
1085873,30989,17898
7425895,4399213,18228
3486700,4359355,21656
1268225,3656773,39949
2620795,121683,7601
4632042,4163015,41434
7009479,2956417,138
4876224,1478384,617
3328404,3840319,36607
3191497,2392216,2172
5466719,1268727,15090
60041,487335,44051
2193958,3327774,1180
3673735,1705357,35683
3042558,1124818,22432
592854,1455707,12238
2302249,4051139,32086
5611512,2841173,38289
3981678,3397756,18294
1929914,438597,1101
3148745,4494786,44144
3157673,574213,22950
2837353,33439,19982
1084433,2902990,44614
158423,2308659,6791
2140018,667604,43320
2406836,4412756,20105
7590034,3376675,20941
5328238,4271865,41423
3475116,2309510,28261
1729766,1087334,43493
5683633,3403754,26421
1028902,1243812,7172
1743394,993275,1020
3618081,234686,9809
5419352,1155607,10058
6966118,3574875,19260
5077472,2566071,6057
3134933,3293089,6417
4363754,2422929,41384
3636608,4564541,5316
7657878,4294595,10866
888883,779725,15142
4329080,1121345,308
6569154,206752,22386
126109,285775,36076
4389636,1533450,4801
5062396,1619980,16985
7348301,4436323,33814
1905400,2681814,44358
4795474,1587587,33988
5560254,1515908,10924
2316471,3888569,35068
7697602,1071373,13619
955886,1079976,16018
1110020,1012190,30304
5688389,1823492,39691
726092,3163790,37746
3373732,99641,12354
6789971,315385,15010
642042,3196893,1739
3543283,3734341,6903
7316121,1490559,828
1925112,2173767,30871
7356172,3785597,33482
314143,1476012,11568
2717298,1532999,21629
5186801,1354476,26096
2577181,1302592,15565
3551127,991536,42010
6973047,2820757,1035
7726133,1165070,10750
2026805,1728273,2697
5361867,1830338,5356
2863770,4228463,35806
1326324,3378787,6280
5904088,2812129,14503
1702813,20249,5692
147037,4002705,18147
5619197,4131371,36605
7504088,1714364,1983
4189792,4057351,4580
1950173,2629765,3769
5539405,1366448,33008
3390391,4149401,35218
788696,2579641,3268
2769494,4121709,14960
650116,4062084,37574
7383779,3109578,31447
6959998,4495656,9717
2333641,2564665,20501
4145431,2560465,12842
4268415,403423,41028
5734846,3303224,20913
3680971,29340,2361
2004315,421820,20834
3089900,3035843,22330
5282364,932202,39007
2583946,4187752,44605
7737691,2913098,18513
3196877,3151972,10479
6404553,3566856,38706
478659,3565976,18273
5790168,128242,2192
2088806,7924,8947
2618196,3344444,13080
5121891,2311647,32972
3713160,2009512,39241
6823014,1383342,16954
2773099,1342283,30399
7605084,3248342,42509
5947390,1053973,14588
4373136,3821367,20227
7231512,4057023,28903
1390601,2066183,39130
549535,295853,6746
2402081,3940033,10967
618521,2344525,23687
2516734,601286,30623
548618,524096,41874
6525691,824112,4943
6493504,1150814,3699
1822902,1564345,24598
6802500,2503390,6074
144367,2232031,43098
515009,3577818,44136
3278464,1592750,6028
5008309,2233028,13836
318671,2774555,4556
6236151,1202632,28881
4952447,852273,25898
1101528,1086810,40109
2207722,3791519,44382
4131276,3647933,706
1693725,3744553,12035
6079400,1503546,42875
6629945,143513,25767
7733488,4047964,35718
7023354,1787019,43878
98850,3729442,33917
7741166,4393303,26892
2763691,1271090,5837
1938590,3252991,36705
6949376,2464338,30997
4915812,2922176,11537
2293100,1770993,27997
6931224,2328244,33867
4999286,1627894,17327
6900710,4425349,8317
7889346,3372032,9603
6974612,411932,27325
2733080,2680313,14078
5399331,3129556,25937
6516976,2048596,9397
3260120,1664098,24405
3993232,2587455,39526
1998446,3010485,24560
2683189,3619556,4342
6257601,848161,17426
1274974,2276942,4971
2714113,1087169,32539
6194005,3057063,24093
5172765,3851842,24592
1714015,1553090,19193
6345131,546206,41823
1854081,4010340,13903
3123340,2517660,37258
4227384,364113,2070
6619503,1805821,23168
2812198,2425966,21934
3038453,4017825,24896
161115,1622198,13888
1920601,2889147,26242
5360705,841803,41475
1981233,3966828,41158
3594003,2966884,1426
4200835,3765207,33254
402820,210201,38902
721646,2731974,32456
2687734,3066091,12016
5411193,1859580,24843
602136,1179625,202
7807649,1795553,25982
2640272,1736308,5036
2174485,4420914,29968
199021,3134291,22586
1602508,1285078,40239
6577223,774816,32503
878377,4164363,27681
4818274,2814025,30780
5196020,4083492,85
7587939,3195155,11027
6459299,937401,44073
3764454,2371021,34649
4704015,4136767,30527
4492787,3373641,41340
1619135,3586020,24624
6940375,1926682,37959
6928823,841479,44711
2410157,3235562,1644
6767025,328197,15190
537627,3124431,29691
4230606,128462,12471
3673018,1613725,6256
1573898,81030,5533
1226572,4046497,26339
5760806,375384,269
2898387,4154055,23312
2009234,4109018,21133
1662435,1914992,2669
1328814,1367396,41107
5414982,2982734,38615
6081156,4465998,44397
2432715,4369654,27224
4328981,714400,20499
4904160,577477,7980
313670,4327459,28693
137511,1978460,19756
4683403,1113393,33881
1521833,3100547,23399
2917186,223206,40585
5228248,2484117,24419
7209152,3571136,11841
1481889,1613719,15269
4741838,2409585,15446
2579617,2015353,22518
6019848,651530,23012
6137409,2999387,40396
157024,1718420,24112
1845090,2451909,9739
3120231,4443745,3191
345118,3402683,20461
131005,4240078,31912
6515478,708642,32931
3282699,73516,9159
2314984,3310443,23795
5224501,1451860,16109
3787748,31613,508
6958911,1237422,23590
1121277,2456340,13568
2309555,3726625,1107
59596,1872995,1276
762641,2789263,38728
310968,390061,15316
5368055,1201559,32644
144262,2785957,37846
2701755,1156762,26820
6326312,1932226,23161
5637636,1402261,41472
587378,788123,26071
3671133,3938245,33421
7606680,2800479,42626
4512891,1132822,24231
4651055,637818,10166
4258590,4142658,11489
7799817,3909957,20459
4774371,1931805,27401
7769210,660656,19799
3037514,3450637,44743
7684388,520539,1665
1446925,3734494,36019
4845559,834819,39482
7428383,3188675,24805
157806,4297067,825
1836178,2725751,5694
7209688,2296354,43629
5264868,2856117,21099
6860497,886879,12664
4449228,2868878,11397
2512956,2653194,38825
449706,3942164,11484
5547491,2032986,19815
2119789,4240327,44224
7068169,3230403,39208
5445234,1339939,11262
5456638,995208,22144
642753,1606837,37881
4527067,4308800,12788
4179458,84009,6881
2592192,1544075,6867
7449808,2891798,6490
2982237,1520368,38545
182757,3867602,38736
2479285,2851578,5807
1751137,1014185,28138
6035704,1224372,19087
3705123,2672172,41509
4421016,3989060,17638
6381834,2428129,37939
2606714,4459119,5098
2827979,1016164,9598
3646290,4387099,31230
4193143,1202257,41385
3189122,3477258,17567
4745522,721988,27056
6066558,2536883,37012
2251786,3622588,18261
412374,3679273,28449
6154537,1223450,40291
2504721,962887,25895
5103585,1801916,11902
4111941,3012767,27201
6857004,1441512,22496
1629576,2746645,7317
3160123,1333469,29038
7393781,3780823,29829
2824839,1466797,14234
7528582,2757909,12703
7215786,4106376,15251
46560,2403246,21405
5899481,1606285,28092
3132711,1837302,25063
1360067,4062638,33193
255415,2659517,19194
3918442,4143616,5383
2807512,1144295,39296
2861570,1254796,43071
2021089,1264631,30922
1981390,4352834,4247
1373965,447900,5361
5188706,3176635,35619
2972599,2086014,43761
4843763,2492981,33157
3378427,2209214,9506
2226411,1058359,7412
1852160,3467600,32063
1333831,2885166,40684
6774492,4369883,40584
4085206,937811,36753
4795800,2610475,38330
541131,1649290,33891
2798804,1415427,33671
1863028,2548231,44188
7492512,3734018,19198
1452227,608510,38591
1364412,947838,10633
1486802,2253962,19382
2831297,1366393,28994
2403181,3683343,24990
1182499,1534256,11917
917778,1175871,2778
4649638,3767698,1859
6034189,2544292,32602
2708255,4303062,27489
2883482,2674894,43471
1138504,2841678,6165
6671431,2548547,11522
4795895,4525250,23736
1942015,441121,11543
4308178,397039,38867
4865806,4515767,24144
6296181,2018604,38236
5829195,2053155,7247
7621270,4530560,18489
5783933,1735904,41364
2221715,2366810,30323
6645419,2497222,4108
1425291,2290482,17508
4811079,2817443,11893
5393992,1691842,36473
1921413,977078,8323
393757,4184509,32898
1246077,1269911,12494
2454823,1572035,23367
3368256,3770055,30289
5585175,2651431,14691
3934434,662411,19125
7310575,2800520,33722
5971813,4336238,24068
5715653,148838,5901
2217057,2264049,13488
3122698,3710678,11433
3810847,526431,13226
3117423,107213,12242
1484510,3542375,22901
1721646,3040988,12905
3219055,187570,34731
7749278,2274640,33599
2163613,406911,41430
6813018,2789160,2743
5707676,3225542,6584
3539673,543364,40908
3563876,3985828,22619
352620,3540474,40656
2315880,3906885,6089
1191739,4381773,22835
7372841,3260065,30661
4047298,444857,23461
6560619,4426590,2178
3684358,759255,3237
183773,1827645,14209
4386973,244998,44629
5916274,2196667,14081
7043591,2477261,43208
6826596,3436188,8055
1652516,463657,8441
4899019,2567185,20901
288491,279964,20161
6054025,3148735,2479
4303893,3173902,13043
5894393,737773,33517
250156,1437442,21083
6074503,2462703,27162
4834383,2279876,3803
2620481,2593090,27130
6666103,4235377,15810
5582773,2446763,15079
5129963,1323735,26981
3223000,688116,40916
6369114,1398369,15551
1349938,2199634,2231
5944538,2913652,42966
5117610,3334782,22672
4556193,766465,27637
850344,4239079,38339
2202837,1278967,37440
4671547,3350312,42481
1053994,2548879,9172
4382271,3023577,16327
3070619,1063125,18552
5650688,3296644,20900
3215442,2972172,40490
6850382,3929938,38124
1719235,3303261,25707
2994958,3867351,1938
157259,1350111,38407
7890513,2608063,27722
4133484,2035408,9900
300400,994007,21495
5431402,3908380,13065
3201492,1797803,11358
572426,3319365,24121
6968067,680765,3874
1740585,2496283,42804
1574130,2990019,31069
4386925,2623821,43563
2157174,184310,6055
2757904,479167,25719
794211,3075970,16293
5096510,44409,20456
3932180,2646528,25672
1122719,1065451,38062
1883752,3367856,20911
3426518,4336432,10503
5658441,398908,36251
7342781,1478484,24740
6737358,3515959,41642
993357,1768667,16295
7348730,786089,34659
3032748,3158663,37110
4559171,192035,20038
5754563,1614751,36009
2492336,2624341,14829
7615441,2311211,26946
2292036,2979216,23660
2177859,2484255,21285
1600656,3595274,39289
912241,260764,37709
2044524,2603868,18338
2627719,635252,7056
6648727,1559227,16402
3029367,1361325,14388
581390,2041539,19136
6521651,2371634,18807
4373916,773020,40841
7520018,2091010,36281
1375662,3124456,32816
5119212,1314118,34877
3521124,3825468,31274
2628534,3718732,23363
2779340,4227036,29989
5239744,4082722,29681
5201527,885419,24819
1718575,4113149,6365
1486775,4168834,24380
6084865,153612,37826
7517691,3966360,6466
5144586,4476921,9978
2262160,3759426,24015
4378433,90682,33964
5455381,4109639,8940
2583416,4570726,27435
3801014,3784268,37734
3453881,950410,37916
4206536,353483,5663
2907781,4015622,20086
6690215,1158591,43496
5770732,3292576,19839
6539341,3749635,365
4125369,4418354,5339
5205170,3934320,8028
1658787,2508321,38132
498564,431936,20299
5916413,1525679,22996
378951,3511937,21037
5571684,371389,57
6058785,4308368,34373
8446,3623797,44569
3988107,2519995,31821
1158638,2280637,36803
6137077,3797324,25757
6044126,2384736,27490
3882087,183808,24313
4846353,2597692,423
6906376,4008988,22217
7729513,2746446,14045
282705,3381961,31847
7637133,2296947,14964
3102591,4566029,31282
2031757,1132112,2762
1906116,2002946,17451
3695276,631804,23272
6596071,2391307,17359
379938,1511550,35710
4505094,4349710,35824
1889572,4300267,30086
396515,3419075,7048
1097458,3310705,27221
4734474,549765,36608
181448,1294907,25505
6132285,2772096,7973
3777994,522572,9195
4992757,167981,32603
6119133,4148338,27429
7748618,4007384,125
3558046,1164322,24239
2498268,2264711,25645
3894628,197186,37521
2846840,2859460,34101
30203,2588238,39996
1895569,3336687,11497
4556393,2459245,13663
2488264,370020,20239
3177961,2847496,8070
468988,3099814,12419
1365782,2434673,7125
1045855,986364,25211
5261080,2039098,41061
3184480,2528492,44061
6434502,2219118,3445
5169727,1780305,4345
7251987,2503675,32225
1504681,2118068,44764
647096,2743762,34777
66295,880092,33540
7314781,2023003,26221
460350,4548879,30995
5087775,1255874,28111
5416071,2282525,8778
7798346,3949362,3917
1344920,2050617,23263
5811163,783198,17663
2159942,531992,16414
4472851,3207070,15868
6497169,4359860,7192
4018063,240497,16789
6117009,853940,13425
5297232,2069286,26339
3004917,786185,41339
7096317,3334407,28527
5051587,2276420,24514
4751277,2710380,32483
1416791,4018788,36569
2740410,310206,18816
1879878,4385818,38136
2662770,444117,43092
4891295,2316787,27200
4469431,1206725,37090
1316027,2709938,29872
2476280,3990115,18861
6325338,1397673,21178
7657397,1749505,2774
4700098,4565328,35886
7016524,3663900,20733
5612290,2555585,38866
1603015,3456776,22317
6719361,3648367,10137
236225,4024447,29295
3261340,3014963,19971
7073511,340317,37341
3467133,3650719,10808
1513958,2615529,24567
2909230,2771911,5561
1441025,369823,2007
6895606,2677513,40875
1112968,2569696,19965
5356799,3687406,42648
4834486,1313870,4397
6820294,1076272,17044
6249425,2598434,29576
6391770,3624102,7305
7402590,2002482,12708
123769,315893,26248
4169889,4059935,43878
2416649,3301817,44819
3885940,4401059,20572
6002131,2766062,18199
79317,91890,16093
1342654,3969721,16913
2232538,2792017,20768
1481958,972663,7996
3346150,3489238,32680
2501743,1196658,5184
2441079,549266,5144
4892989,3241478,3555
1850628,950578,3495
3438449,2917803,7883
3128924,134737,17964
5571243,948977,28630
5550619,1013472,2180
3059214,672160,21389
1681931,390694,22241
5142900,4002092,28756
7119979,226655,25279
4497714,3900422,42072
2024833,4074330,36413
3565431,3691626,11942
6979906,3476579,26373
1930727,1768417,42574
913836,93800,347
1881867,2390196,29178
3946260,1598532,5210
6736103,67130,17188
7744866,3892949,2737
6166694,3932653,29344
2771492,313649,43987
6878347,3008883,6302
2532900,1398269,35448
2424893,439225,13514
5137285,2484818,12685
5985238,4048368,19246
1421532,4128028,33065
1848071,2352205,44044
7484628,3658965,32922
3196190,1156910,15077
4832504,4433020,38862
5606912,2743729,31894
178026,756962,15097
4090090,3839802,25507
256939,2436717,24006
605405,95500,21394
1287584,3311423,23834
2314944,1163092,33301
7173410,2997653,9763
602213,2532250,21482
7592868,4072791,23275
4327257,3977754,38516
6757541,557197,11851
3403825,4558394,32585
6450686,3558098,24672
827191,2423591,10998
1139769,2542159,1757
290249,2076,39973
6975632,4375731,14911
7815150,2391139,22046
4218484,1267557,28173
4984369,3088846,15461
3827618,2574508,35299
1963308,1988159,35516
7161895,3713439,5099
5373404,2114910,29649
511848,830520,24323
1019120,2560108,9461
6935097,2040256,28080
7228008,4393952,34044
3291098,4093210,21483
3686639,1182036,2779
5487982,3847295,20634
3344800,2087412,3633
6260640,195408,26811
1357472,3539774,36672
1084579,1281970,8279
5487861,3946161,5347
1458130,1740401,13504
3656301,4331064,6084
2085933,881357,26609
2196245,2131440,16131
7459149,684919,5818
313237,977852,25518
404992,2340464,44710
2034706,1144782,4763
7761979,1910402,10103
1219735,640552,26973
7139642,1585626,10614
6987330,1699990,13943
5792067,1459003,40441
4393057,2420654,42511
32928,918578,42993
3376585,2361823,22164
7302897,2672638,40865
7886891,1076454,36655
1982136,4407837,5312
7006365,4003424,5577
4727838,640089,34031
6424264,1685144,41715
3810510,741251,28179
1362539,374192,33933
2251095,611770,3075
1632482,2328618,18228
7094350,1586730,10618
1378698,2981743,9286
6634357,3964728,31199
2749780,4503004,1756
5895337,3930896,6228
2608586,3840349,17497
6528931,4222035,8871
1311180,2919935,33380
2139183,2519087,33365
3543579,1704761,1732
6046678,61111,11426
2799023,1763578,12108
1542822,2744957,43309
1400573,2504557,26155
5770625,2757397,1966
6187160,3815286,10576
4261313,3169892,6863
2507082,2064725,37278
450531,1957824,624
3643143,2285222,12242
836423,4574063,7157
2077704,573435,1119
2936950,3477616,18102
7364408,2351631,13366
6588888,1420366,39592
2202369,4060448,33064
2110348,3062494,3222
1417603,716681,39817
2511607,2475463,16446
1241837,2960136,44653
4496893,1272925,12933
7411774,2162089,33864
2876095,2319684,34338
1617970,792152,44779
7175047,3102364,36793
2818722,3421514,13939
1533181,609330,25225
2534186,2594325,19566
3027713,3530886,14983
4041334,2949884,41743
3333719,2698979,28091
6069964,260358,43913
6708508,3351574,30757
4646749,4084201,8818
7747690,1192808,36100
707010,1585012,32323
2330714,407549,480
4136202,2457287,44100
1273907,2368814,32170
3921132,4523875,25173
3834986,1902780,38076
2152755,2222704,11583
6727186,2088761,36140
2593105,839208,33338
64022,4018720,17797
3720555,3113468,12465
3661662,4042651,14785
2036806,1959390,11116
5864981,2747890,12986
1424225,688533,32351
4081009,1798816,39378
2146955,2377322,25949
1328055,1112801,16718
331741,4491055,41106
1304812,4463946,42894
1403722,1120223,21598
3196108,238022,32748
5281260,1306916,15866
5507960,3502869,23965
5043993,597501,34542
7655607,2613639,15798
7198825,3067540,1460
5444630,850631,1696
1254825,1907088,21332
5925491,1466945,14087
5086139,4420478,2076
7571929,4125545,41932
2861368,2726653,12940
3499575,1992510,9096
3799391,1334306,2363
3917626,379309,12130
3364149,3847867,21129
6785786,4077666,30885
6400740,251274,6830
7438986,3367094,23969
1758449,1400072,12826
1220710,2136483,35503
6755629,3817886,44444
2643113,2890797,35617
2249756,2414211,29337
18372,4418497,44984
6267557,2365619,44069
4883719,4454587,10471
670592,636900,31110
1203882,220420,10398
3689315,1930483,42321
2925417,4569487,35496
277426,3018073,36692
7083639,4460831,39781
3757971,678476,35460
301928,559124,13520
5274751,2787874,20435
4316398,3152703,30937
2194540,372128,7991
3305923,2297340,6612
4888493,625381,36499
4441391,1421745,41342
1483758,2618262,34551
267241,2676056,42643
3620519,4523193,36697
7389187,3455120,2503
4013702,4197813,13487
3340571,1220745,316
7617367,2980926,25887
3557682,3384634,1784
2578913,1161286,23274
176837,243780,9216
5525026,4241088,18323
4135691,1989643,6739
7498728,284135,31422
1565134,1279092,36278
4794975,422648,9116
6500144,3373267,42952
6645606,3400850,29751
2408615,277284,43982
5132319,2436365,17475
3188010,1111187,22562
2765764,1433785,7741
1002025,2239449,13715
3149981,531677,42106
1378617,1594773,37370
3158644,3048998,38256
6378039,3779285,26135
2005972,3720306,24017
3943588,1918798,39200
4751708,123844,14390
4265810,273304,17992
6345784,1441319,2276
7395260,2761167,30217
2547684,2247290,19853
4106150,719034,35546
1704242,1110399,34316
720199,4445601,26238
2901330,1882839,27745
2251295,3703599,27795
5059757,2074965,27482
5648728,2579035,18763
7873966,913437,37444
4011552,4420465,18740
2827892,2042474,30425
5675963,1248476,34518
1640316,469956,11317
6749553,155684,4587
1695951,1725164,22079
3456874,2685486,4921
4362909,2968705,15876
886173,187092,36979
7417077,2595910,22850
7160907,2823484,36700
5462253,1104752,18235
4055563,630072,38663
4334941,1561926,43014
4834313,3538045,15288
2947239,1809423,35992
5615571,4194358,32705
5150263,2468986,38313
3603186,4159510,18767
6587244,2966602,6031
175900,4416202,310
6975563,3896999,23241
2558231,3393673,32998
125811,1659747,981
851060,2317541,38214
4483798,4170744,40803
4067292,1414726,27144
503932,2241595,7572
4951536,3776438,11165
3753044,914167,413
4072248,1360414,42100
4298386,3478578,33354
3121155,3473741,42356
3550585,1738123,25902
1787885,492448,11102
141761,1279705,896
1596739,1425317,22790
7167345,337001,21406
1759182,1539703,23777
6617718,2498419,32750
3537859,2671864,18818
4160918,628808,34988
3414730,2912868,9581
3427515,1288649,8326
4590754,90311,17142
4399750,3307812,37319
5804497,2887940,43895
1531337,1155711,2721
1673783,938583,24348
5727919,3675357,2260
3499027,4491326,38924
6193121,1037819,24435
6981399,2769029,30166
6526368,182231,25732
3666981,397182,9882
6257579,737251,39974
3909217,3037594,39918
1385032,3202768,27094
3752835,2608336,12561
6901046,4298598,25389
232234,3723679,23762
6528701,2661006,23817
1401233,326130,17319
2578586,2189216,36260
3921035,3947655,35793
1021451,1484465,40252
643882,4203726,8090
5980134,2602179,2495
7576278,1096338,44624
5141169,1155402,6371
6355945,3029559,25759
2471490,4291518,30400
2465045,952534,11816
2851400,3868645,40299
4733941,3876278,19056
7421078,3589674,14266
2203172,730858,1757
1558241,2941072,44378
2935157,3073294,33884
2774140,2240779,13107
1342671,4177541,4461
1867969,2216287,36182
4176786,1602866,5142
974966,1426064,31036
5217802,3855903,20967
4769249,806274,13550
6737755,3673883,6739
375509,1448487,12533
2206391,901517,44068
3912043,2804983,35318
2645968,4494198,4508
5082468,3733340,15000
5185997,1409441,39392
2113753,3805678,16934
3769133,3903088,40377
334411,1699599,41422
4070703,3307039,22985
1392622,388436,25149
7005714,3160769,27291
6784370,2371295,42093
2196292,1370313,3303
2826152,1017432,14633
3847274,2431018,36914
7376001,3943029,20012
5555081,3822770,17337
3084195,773007,40552
6959886,3267348,44021
3562588,4338433,35613
5755097,2464600,34717
1117008,1998447,31906
5327934,550934,13045
5599205,1051379,11769
5948348,4322316,7804
1339131,813434,35334
105219,1022935,37698
7262877,1952390,11504
7185383,2917476,18995
7647861,3154817,4214
6409064,2061538,36149
3364030,1997068,2438
1765772,4273115,907
5142451,808302,3493
3437592,4034620,26135
4134211,2501486,29247
3160956,1263226,3165
6003090,588641,26376
206261,1646330,5442
7650359,3888800,28695
7815043,2034119,15489
5573292,2898758,31500
5152273,807827,13179
5220652,1491321,39916
4238011,1914035,20015
1945525,4301402,9087
4045945,1503744,17098
6974500,2084493,38870
7834025,2551276,5650
3728161,4499094,2215
661689,534763,19898
7477495,1051102,22000
6603693,1392359,19961
6909966,723666,14413
4683827,1996049,3161
662077,2980853,15994
5089178,2764394,7113
2278230,4363678,9023
6876480,1685941,34324
7006906,1073657,26872
1996459,3853706,26035
5231084,2328157,31775
3819534,45998,33159
2693717,3944519,24549
2541509,1307773,39125
4953066,3318435,39802
3672450,2351144,4177
5565580,4438838,40089
1493609,1188301,26976
3526509,986513,36829
2175245,4277316,31107
2678914,4315025,22882
7063558,3713561,8596
5048405,1638082,40683
60470,978814,40826
2190822,1817192,4262
6196808,3943598,23092
1068131,3730467,8990
1648312,747940,41722
5611941,1550885,23443
4766341,862571,6211
5390440,973325,26871
5493291,4231479,16808
6357769,2031729,30851
4591410,1604823,41014
1640934,3335235,24131
5573127,1440982,41074
3649385,84234,43882
1134488,2923556,11227
5496053,2206707,28208
2518631,3590826,20479
4205369,2604408,11265
5567866,1714693,31597
991306,3533005,42219
780980,4017910,33452
2394290,4115563,1411
1629798,110870,25136
3392169,2674565,9317
4074556,3416118,24687
412884,1640204,998
5254929,723602,27174
2223656,1263626,34621
2365371,1089016,38202
6588458,1936129,38277
6585674,3511392,2605
5927141,2451988,10666
332044,1637428,1539
2670738,2148284,32743
6567111,438297,17092
6173701,869718,34709
2475449,1822573,27773
4290984,120351,32630
5656003,124411,404
1836365,151438,31138
3821376,1054499,40709
1573484,1013288,42634
6668533,1441274,30420
4711577,71706,42249
2425168,3013680,2026
4994139,1683935,9544
4354351,4195456,27129
7484926,2020065,17719
3296492,70842,7188
2684839,1443670,6148
1765669,528040,8533
5241280,32352,43069
2191836,3930271,16437
2732292,2211563,29793
5114028,1604071,36780
383516,2828846,32211
2875071,2904460,24738
2330509,474925,933
2514508,2946673,787
5727264,3852701,15506
7225119,445585,17546
1855572,2193460,38047
2351953,336964,24341
4131050,2257935,39578
2664786,1477711,41396
432501,1246743,44054
5009112,1620905,40779
5600713,2308385,21862
3640207,1955800,18304
7463475,1754245,31016
4842,2199925,34506
57198,1627417,35222
3452589,1038263,21734
5674633,335012,6838
965174,2068340,43921
2169182,389131,19710
7618691,4125356,42180
6857833,2014532,7678
2621105,2711110,26552
6721208,1245119,19423
3884855,1828614,12414
461996,1312251,1175
6121083,3646650,10934
1519626,4090128,10183
888342,1796423,22712
3072735,2185863,3968
1207182,1294163,44037
7299125,1470600,13308
6395150,2672895,26527
2103138,3512337,29515
3027344,2793083,34699
7790848,1236608,21283
2078361,3343900,34070
2707654,2896020,43929
810669,4103478,27945
3518465,2034428,10927
1891683,1787314,43743
6786657,1842440,491
3712373,4334442,39536
3092969,1907010,36329
6055981,2259724,39192
36100,3098694,12851
661320,650535,10695
7502787,4280283,16780
2659641,4550687,754
2460478,1949633,25544
3444,3960736,35540
4462806,3461220,22545
7653573,2278728,42143
4002963,177873,16127
4171464,2216787,34816
1908162,2131611,24182
100454,3475579,15997
852155,3600115,16335
7681619,1150747,12423
1784784,370865,35484
6285110,3679996,25897
936324,1128996,42567
6776636,2132734,13990
4131787,1836120,31309
4922389,1475987,32825
5189603,3794501,23566
2914120,750553,10581
2829189,2261346,5140
7313059,3399186,34145
3042933,3497060,18321
1176618,2687324,16588
6215129,2995785,7864
3037036,4428107,35219
6492920,3092436,24225
6552900,1799846,38351
2901385,2151878,16887
185053,590209,24018
7164593,179358,30374
1290647,3314880,27371
5551163,3284112,15499
2432466,3216749,2972
521097,534078,37120
1733268,4102804,13766
156743,2317701,9390
583199,1447325,35308
5108896,4217041,21808
3636212,3217952,5178
704996,4042887,7346
4824810,2775293,2225
5978759,4368196,10786
7040049,14686,37603
2405770,2503852,44401
7544641,881919,8056
1977333,2668425,18817
1769202,1739455,27357
589023,3996266,10254
3858175,3656849,21215
5720952,4478893,38549
144854,2491377,16505
7132661,330182,35247
3983470,2113750,36454
5825735,3300696,1549
6452464,2466435,8488
5547768,3078219,27938
3401030,361446,25687
5831341,2364476,26507
2295552,829069,41913
4047399,3281647,1295
3810971,989410,32718
5345304,360007,34130
6673497,3856840,24401
998986,1681906,5550
1916084,1530955,1018
6393995,3590584,38017
5290239,1332011,4009
4003690,1852776,33003
7153680,3190758,28303
4258213,442970,25793
1438524,2944153,18923
6894384,2548035,30614
3137297,854688,24195
5739996,2417148,40797
785351,1619238,3001
4167412,1137043,22235
5655468,709278,41755
1512456,576338,1915
6501683,4343345,6513
5852475,778997,29571
4587936,444361,3441
6738723,598824,14966
4663076,2551020,17898
1929130,2840569,12173
6304576,1502262,11497
5316638,399945,34302
2550276,4283931,4566
4039794,3757167,37537
4841299,1705682,29582
427485,1964935,39058
4287301,3028040,23248
4927683,2618990,10262
1106591,3817826,17510
2392924,429710,28509
2213711,2041444,44671
858126,624013,34400
3667067,1055623,37045
239640,294478,25404
2905986,2609943,39736
3912488,382369,20576
3531774,3594031,3913
4113478,1491751,11741
423752,375815,9002
374802,2608053,41161
4407763,2533249,39951
4784508,4239,10180
5743820,1477607,30510
3828494,1526796,12960
1344525,3904110,36430
4156078,1829602,22984
3991785,1282238,19135
7604382,4290528,11646
824034,3907876,9012
32043,2197843,43107
713951,618098,8053
4974170,97586,10990
1465248,1511011,21776
130189,957218,26913
5628599,1491524,29924
367310,3088565,26201
3906612,1313311,38270
5111087,4059133,44678
7180512,2128098,44447
4881205,3823881,28524
532896,994922,24722
3588388,1573251,33351
21126,3505754,4607
3401930,3439893,2106
1286631,2903170,855
3838827,1799957,21397
3062292,1994925,35606
1811412,530333,493
995943,3299847,11499
5475336,4042651,11209
6294707,3796358,16773
5692818,3618703,3190
6801224,4240884,19835
413812,2390832,16841
5188130,3369282,32471
3183582,3307271,12527
908765,2775149,37513
53267,3430331,42175
7045572,35982,13667
2449845,4353459,18722
7349763,3555264,20075
4065004,2829021,17950
7376872,762742,24963
2123891,623875,36656
3262119,2533996,11650
878482,744496,1959
2201707,341285,9832
1856874,4209087,6917
591309,601336,29983
568715,4264699,14611
3996947,1496977,1697
6648123,2255737,34133
4140725,2300589,8328
3374253,1632473,41228
6690806,2191619,21549
3975896,3958260,6677
3966316,969828,814
45404,3972257,40804
6108701,2428619,17922
2433416,1498481,25928
5852798,3354526,35643
6983326,3563679,21327
5636805,3054712,24497
7052004,2838809,44686
2325586,2836232,12910
6094474,1965669,40499
2525093,4128684,395
7439911,1097544,24115
6280613,3844339,19528
4640073,2853167,11425
2788153,2784737,36642
5540215,829806,23550
836100,4174718,13067
3340334,166595,5261
5775803,1410358,36847
2921814,3225469,15980
1958017,4159236,2677
6920657,2076678,43251
1668911,882913,8850
2394076,3987500,21966
1013610,2732757,31023
3726704,2284470,358
852695,3411770,28146
1374354,2912540,27447
3562780,3091840,18894
1864609,750984,8898
5381405,3566508,5279
4180558,2926394,41949
2735503,1527234,12980
90912,3243844,26062
3509961,42532,3600
196962,1755333,1924
3780138,467447,14610
4521564,2613831,17311
6930051,266007,29748
1537307,4382982,4617
3761804,1844774,10277
1499716,2254592,42827
3661253,1297141,35935
6650850,3836424,21677
3451783,3234587,26780
6822896,147391,26384
2848588,1869842,25194
5206517,3820019,28658
1031229,3629775,16408
1890640,1897110,5398
4232142,1608554,262
1299502,720286,36402
4409887,330591,38390
1032786,237004,35429
4681558,4202562,25672
5919284,4360396,21743
1735838,120136,1358
5531450,68183,38714
2025337,72532,27374
4806227,1750692,38499
1459346,3831192,8463
225324,2418832,3851
700102,2412719,27248
4687157,1839361,35494
1440935,1586879,30184
5502048,114066,6179
7401374,3552420,775
3905514,4060237,8275
3492775,2358868,9349
3379026,3613573,36627
4239925,1030077,1726
5144383,320415,38393
488973,2596834,43392
3616930,1968812,9376
4975417,4154728,18918
2140967,3362038,4287
5921408,1751745,16208
1658536,3333374,34575
5386878,3879075,39011
7319387,1016470,12553
682971,1436600,15907
6237427,2876987,33242
6602433,1592656,34242
192470,3257461,44226
5454782,3033986,40473
7803842,1249893,21380
4193890,1247146,1324
4998064,2839280,9933
7118157,1792368,38281
6644005,947709,37001
743670,4266391,4614
2920780,4505295,1651
908498,1756712,19131
7863032,2587766,10128
1990163,4536704,42414
5822790,1572884,19468
1787178,1428122,18628
6083574,2259187,40352
244990,773956,22858
2117892,619225,5386
882338,1695098,4395
2829910,2042526,40486
7017108,148008,44997
2118713,3176437,26219
604890,1950777,2244
4007384,3472927,41487
7675114,2895130,18424
7654484,802373,16508
3555507,4050557,33736
7274283,520479,43291
5346204,3694418,18348
6398339,3311272,40986
4032226,353208,14469
2682517,3001529,13342
4923439,3801382,25485
3666787,2346080,23199
653797,4446199,8120
4967561,3739866,5193
1020412,3820401,42847
1974344,34855,36789
182004,1849728,3439
3665839,222258,43161
4630615,1898695,25537
6370365,1536850,33306
1499506,622761,18016
6081933,2131013,619
778438,4345515,43845
5458300,3938881,32322
2582769,4243513,41699
2547675,1720053,11082
6282904,1648547,27174
3275851,1278488,32066
1164619,2583514,41743
5673724,3327102,6756
1372497,4433557,32931
4736696,3360618,26984
6130985,2155870,40597
7189730,4074639,33507
7661654,1613975,8571
4052303,98290,25112
7835744,4301067,27585
3715381,3841653,35801
429691,342356,6855
3963175,2367414,2396
686612,864017,14860
6478049,3390566,29487
7057557,2752294,25981
4737192,273344,18860
6075970,3944003,6764
7063261,1535702,10544
2681208,2269772,5374
754720,4359499,17546
1915155,2519348,23280
5620513,2171674,42615
4851636,2093474,3614
4667290,2165506,11140
2396484,3700856,409
5498466,3343402,40189
5094728,982511,32170
5149399,304676,32866
279833,3104020,21074
7184677,2666289,39646
7304527,4109687,39683
4737911,2850690,19157
6521037,490967,27902
3832290,1412563,20366
5657136,2301241,24821
7305013,4453654,36578
5962009,3547699,14101
2235005,1972996,28206
5221888,2124130,7717
7442751,2827573,20237
645192,1262021,32870
7540060,3618514,44333
5372433,2776683,5173
3668357,1030598,29030
7447023,4484525,24174
5070267,1996051,29982
1201038,52520,26445
1438773,4174371,1496
5436355,348974,38403
2415782,2560031,28758
6200254,2340140,23433
7306020,317411,34824
41928,1417681,12882
2620175,2494425,31815
3087943,2182622,14175
2118462,1349782,6304
5898806,1454529,17964
2747821,1724895,12816
1636332,2616687,20531
3442583,2628897,29817
1452407,265989,43852
114032,1674999,23283
1863526,4304809,10250
4178815,2683633,18171
1186682,4367467,22939
4909931,4082373,11685
3460486,3115739,11261
6022821,3566399,43844
5050131,3095025,2778
6708303,795752,41263
3100027,1969453,9718
2180515,2040486,29415
4068620,1184935,41057
958483,1230629,34523
3464166,4320340,39328
5534523,453648,42112
5940555,3628663,11771
5546991,366923,12394
4755666,631462,9511
6738876,360449,16661
2395348,4555430,32484
6426154,3816931,26202
1688134,3330893,11242
3527232,3211933,37400
1489246,485110,23718
2322653,1293065,3704
4281511,4484458,2963
3972401,1084222,29362
6487139,1748985,11176
320948,2404315,12817
1773631,1099938,19787
6066458,4284,21082
6786760,2851766,41296
6344488,4363575,3841
7886344,3272659,4634
1953778,967969,34209
597417,2053435,5666
4657318,251036,20250
5639946,2693932,39911
96243,3041498,8391
4369992,3469680,7002
6902169,892225,2832
3527219,1034358,20437
596947,2001548,31598
4981014,1956939,40387
2571850,2703204,36953
6941851,4374259,19489
2264638,539116,43705
2089112,3168839,32851
7709814,3493053,26949
1124134,3905639,39256
6886379,1401858,33240
4733441,431823,38516
6175082,3888368,1694
3932298,3166970,44627
2334050,1441006,15636
4629780,841162,2058
6603713,3566964,7738
3257166,1164689,40191
360487,3682340,42698
407004,4510589,21663
6495572,4256008,6683
6527445,362560,6471
6755657,3758267,36510
1656399,3359612,8603
3831161,559468,25610
7051120,1336911,29060
3728785,2117118,16318
4954761,4371121,22786
7774334,551359,11485
5005595,3887751,14299
2539606,4275468,31136
2171261,1641103,14265
1487073,3219380,2475
7080922,2033655,28761
5260321,1951412,40791
477820,3296103,9211
3498935,1072538,5317
2985461,1432267,32509
1564599,709995,17009
6430094,510036,33670
1364564,2805228,18460
1461201,2094548,17451
2163670,2486798,37204
7104961,1394477,18868
7470684,6490,11147
4483755,1966055,28329
6544556,3663990,21948
1412531,279607,19168
3443299,3803306,31923
1431802,3739514,29637
5064208,3642755,18382
6187268,2133124,36575
1331863,4063128,23239
7182024,4487402,39530
7222150,1498803,33835
1138129,3286876,7414
6731915,1936136,22549
7605856,2564101,10387
5320776,2783789,16670
3424748,2017782,8828
878364,4164950,20042
5950494,696506,38458
1828846,2835285,35931
5671633,3623084,19162
7416473,4405504,26626
4066451,2770430,12577
6107396,2706882,15257
2440535,4086917,32674
3534162,2092666,33127
1751416,45002,7145
573005,2848821,37306
1562043,2232901,40011
1264309,1548414,37076
7329769,248585,33480
1766011,4026787,17605
5509145,2595315,16754
6237737,2036659,4768
5542749,2561514,5407
6258027,2640707,17603
3477521,3508084,34000
7673095,1642323,21069
1891830,3715505,31652
4848757,878982,13182
3346135,2789214,21739
1750110,307687,11292
6558176,1267656,11407
2634655,3335393,993
2715644,2328737,29876
6760070,422812,18553
7149092,167491,2137
7167592,526923,33694
1546356,2667286,30205
231403,4401291,23181
40104,4406288,7553
2738451,1895952,2138
6354015,1049847,33576
2227367,4034647,32633
6051986,1076665,15403
5750101,3623074,10102
5769042,758594,17931
3095573,3633308,2778
2640205,3281107,874
1668462,3610073,41776
7369119,3355366,25154
3738904,695329,44071
1785305,3389706,41968
6719201,2673272,19748
6199826,57728,5972
543200,3683050,20529
6124238,2697396,34672
4476234,1896522,40922
4846457,4217513,15991
4366169,3511023,15383
1303271,539937,4295
7299287,503067,42180
5691717,129935,4735
3724511,2238000,21623
836609,3140108,30680
170452,1386735,10967
3354007,1327327,22115
4288141,2965299,37973
2592513,3059992,2446
4613358,2903734,1443
1362947,1145089,21237
7464031,3413279,20315
5205206,3571837,39838
2637279,978475,20474
2793644,657687,42875
2383335,4417092,7652
7259858,2693308,1005
1056186,951708,5974
1647301,1041661,39352
3567525,3876675,3524
7465932,795678,35652
2935412,1912119,8044
5225227,2006628,36070
371779,68849,15176
414860,2989535,37600
2666738,2728444,10175
7319431,1378950,36561
3268064,3740928,35155
7586314,3348561,19604
2101210,3917873,17864
6571155,1259177,4050
7161554,3431054,6039
4031811,1635504,18383
7295221,1516365,33390
7869222,4256836,22451
2033294,1228550,23411
4051687,1466051,2969
5540549,2857355,37454
883499,3710511,23367
5592194,1774911,30290
1204297,551500,31930
3151836,2378492,35268
2844679,3622700,4156
4735567,743407,32754
1340740,1771247,25646
2395424,2347813,35993
7130241,3707168,17840
1414811,1576851,34916
3854808,3039236,31076
7783467,3258869,8652
3427400,2435087,29030
6157779,256388,28327
7194161,2442681,44828
1731993,173396,1953
2099181,3085919,23923
5048893,1815111,38080
220438,1942109,13308
263276,1665346,13724
7031693,932879,28948
6665378,2841005,1216
26835,3405009,6317
7357314,2677157,14411
4442114,2684285,9804
2500871,1278256,1166
4511928,962056,44556
3775240,4494914,21937
2354700,723514,43119
7879078,171430,17125
3640514,4193568,19396
3219624,576696,24192
6905550,2702557,30924
1769081,3897806,33146
4966427,85257,17164
35226,1581995,44689
2133616,40019,32175
1123178,1638783,38290
2051030,4441548,32942
6593841,3290023,26275
7853586,2321283,26496
4256542,146765,23258
671348,3481961,35039
7207695,2122856,28161
6742192,809183,18104
7576138,586835,6187
3802714,3647485,11446
7390366,3105622,34838
7407785,3751646,12048
6898684,4087100,38537
3585651,2284740,24200
559832,969380,713
1485315,3184129,6830
167796,1985766,41037
2821277,1647894,33562
6630653,3336144,26458
2101901,102249,6092
6986619,240040,36959
7278447,1933160,7518
4052879,2389437,27381
4110902,4470492,32941
7689583,1615700,9451
3057451,831122,18379
1085545,3669534,17311
7606743,1087541,7678
6193283,2985941,35229
1821866,4576971,44146
1731773,3516264,31521
324494,1005021,4050
1139093,2338532,39641
2498634,91759,1581
852847,1398638,23453
2753927,4047780,24387
1594005,679641,2713
7384015,2594332,23217
6251542,361453,43431
4555174,1845038,18630
2474917,3331039,24373
6736978,4409600,30977
2671686,15132,10497
4028960,2122868,38266
5998983,3600861,17777
7378426,112145,22101
447049,2622529,10756
3759503,649462,42777
3226441,693242,10128
5389794,2682447,18312
4641469,2460370,24822
3039066,3708278,27009
4776320,4294544,16673
6364104,243385,37505
7515411,1783084,42039
5211972,4196282,5170
3575418,2385851,27045
2376003,828159,36100
6869109,485124,16184
3453266,462099,24177
7456496,2241253,44332
484948,59428,6680
6559015,682452,13461
1668135,3134484,10624
4067432,4309823,37487
3889744,3625751,23648
116770,834083,42432
7170690,3208708,32125
7413982,2459177,19126
4224635,2541532,15085
2199670,1079956,28483
238222,2004899,43930
1536739,1541256,13631
4429962,4544077,16672
2537194,2255799,37268
5585912,3553370,3927
6951216,2605334,17366
2412988,3602193,6326
7537190,2760458,31938
4238687,2914513,43187
5048957,562218,3139
1807057,1947655,35595
4717512,2549732,25848
1067642,3566844,24150
6335278,4139373,18764
5164923,2525008,31441
7442967,3502033,5148
164009,1666706,11363
1166707,4541409,35589
1941513,4396494,41470
5757936,2061981,22969
2062485,2588406,36273
4625194,1412125,30412
3499892,167731,1460
4886222,3369700,26525
5864271,3718335,15060
3892909,1151294,44781
1292693,970424,8889
5832315,1487592,33449
6195881,1577168,27970
244067,4311554,18086
7738582,865045,16912
3024794,3617869,23186
7684150,2498858,29122
1922233,2445052,41153
4231554,150388,13052
3340496,1771647,2999
3550699,92150,33879
5527705,1685864,24053
4218894,3848195,25133
6334377,4431877,42371
4535297,395811,27491
3999265,4535804,41040
1002848,229025,35246
460350,929436,29739
654759,4182437,30517
720606,4516528,24917
1230180,214622,14608
6901605,2871062,41995
6488211,2051787,13267
5283059,1030942,12746
1644441,2446011,36209
4243663,3789387,23779
4049392,590776,14643
3726223,3738541,25560
6644197,4152746,43501
3955085,3191066,25818
7125427,52898,6826
5669250,582095,26604
7187561,2201780,8087
649942,568003,38914
4847496,1675284,31472
2070644,2072479,22362
7045191,2369170,37717
3862734,756932,15118
1376011,2985784,17876
7650253,1312203,44647
7178222,1832194,18521
2205786,2896933,1967
2047251,3010907,6399
4826907,3362618,34772
6328791,3006057,237
2071893,906657,10842
2777583,1528248,32505
4478346,3834818,23067
2555908,1018013,35912
4002902,3995036,29733
5574300,964372,21692
1904246,1012274,40875
209452,3305738,14464
5435983,1355271,28344
56882,186098,23993
3912031,1398026,10645
6065335,1006114,15275
7798006,1097073,26597
3794839,3695567,12301
2195187,1891211,10036
4581703,1056521,6231
1177173,1833773,35473
5266727,5586,25765
215055,2650170,21402
1174229,4127030,39240
6782401,515630,19533
6324486,1737708,1162
6535071,3499594,3249
4827598,3551467,24406
5650359,2132840,30113
5662415,3833588,17124
4277319,2539159,38232
2708515,1074992,40047
3645659,3706800,12278
5679605,1755358,30189
4944814,718208,38217
5065777,3409487,29896
5875999,2244144,33936
6731954,2042992,35922
6424887,3564062,11648
664915,2189897,29977
6582393,3373470,40711
2479422,2863944,40058
6024322,2995176,24203
1986758,2083195,23292
7241326,806859,7521
4826346,4057122,665
2567151,402400,26032
6517689,1874203,22730
5664734,3651628,37438
3441863,1071589,23681
1689364,286029,15957
2641110,805252,6450
5777048,3836996,39178
4390900,408814,35073
854273,2516296,9560
6667904,2352078,42630
1600768,3432485,19876
5506236,1487234,33523
6769857,1237484,21424
1766360,4423013,1189
3615723,2165125,8353
400987,8862,43207
2310135,2132029,24964
3797728,257860,24645
1360504,120041,8475
7452431,4056683,8982
4706816,470445,34323
7253578,3065495,27475
223182,2264576,12768
5711581,2985422,16331
7819554,1216323,13694
1418476,3458936,9814
5144838,352162,35036
5266103,433976,37670
1227244,3563451,16759
3166706,851333,13026
625623,193504,716
6376254,2136360,29365
457279,594781,6682
4442552,86667,4392
7257279,96203,14101
1153186,1296671,27405
4968188,3889058,30062
6454917,2680589,21939
5179860,3998203,40947
5091542,4513795,10480
4532265,4209043,25414
6805947,3934459,5807
6061685,1258439,13828
4434752,2245214,27193
2680054,3016595,42118
5635140,3232839,6780
247150,3898122,9122
7573451,227615,15433
443630,2062092,11790
1629318,1777050,1064
780677,3957260,41703
1491714,1202765,12475
430266,4493303,38134
4781773,1274584,28227
4473887,3734532,5887
181895,555175,23822
5101668,3402654,29342
4552382,3741035,26751
418997,3307970,13828
2120736,896613,14601
5281317,2183708,32762
2126810,3737303,311
4734829,4212724,8564
5926043,2339152,28428
1128132,2604242,25564
4440319,3523673,18269
636596,768786,6922
4959223,77274,21043
7065485,689457,41634
5361442,3975768,26757
981972,2741580,20663
748423,1783080,25792
138326,3202830,19945
5798618,4327218,42805
4266345,2976481,4172
886222,1421874,21450
1371559,2037829,26588
4115919,100272,37726
7369750,471805,20646
1850513,2599634,8241
2241339,4404077,42709
6777374,961729,33714
4464147,1974322,24058
3244546,14982,33863
5868487,4133746,6003
1693529,913872,18610
2871288,1129588,23479
5745076,4519037,26838
4654101,2457461,4530
4815056,2488513,18241
1599740,3021027,37667
1301824,2250897,43835
7563599,2991012,1401
3123383,3122019,43580
1833495,827352,35732
6807841,2960898,14509
3213584,2950474,31616
5234573,478829,34762
5687732,3707385,32057
6051368,2495810,17680
2320505,2485672,11589
661682,2119191,8199
324692,3912638,31297
7731855,4176557,34356
6888460,2562072,2971
7664868,2430047,23466
5587282,2103453,3577
5318933,3970942,4796
4186482,873638,42050
6390588,3421138,33846
5859845,2531568,44067
4830240,515933,34969
991930,1401731,30955
6590976,2267985,13336
7666929,3944667,4495
7170820,4112136,44812
6463367,1236686,13297
5928748,4032745,33247
3810325,3905017,6531
1842758,1567048,39326
3853358,2548831,22593
1100874,2854425,21861
4690467,2071769,31134
7572779,4253710,19961
1122345,3482543,44563
4347944,963879,24394
5720920,749896,13740
1664862,2111205,8903
7560279,4097115,38934
2251584,2573625,16382
1195613,3496528,28738
7097228,407498,8317
6249398,1182318,42789
3337358,3372234,149
1388055,3204396,24732
6444274,416914,7196
4374346,2901318,21433
2341108,2269296,24508
3124893,1717420,7327
129147,1521241,16984
1318827,1312467,9815
